time,phase,thrust_cmd,lox_pos_cmd,ipa_pos_cmd,lox_pos,lox_vel,lox_voltage,lox_current,lox_temperature,ipa_pos,ipa_vel,ipa_voltage,ipa_current,ipa_temperature,lox_tank_pressure,lox_venturi_upstream_pressure,lox_venturi_throat_pressure,lox_venturi_temperature,lox_valve_temperature,ipa_tank_pressure,ipa_venturi_upstream_pressure,ipa_venturi_throat_pressure,chamber_pressure_controller_p_component,chamber_pressure_controller_i_component,lox_angle_controller_p_component,lox_angle_controller_i_component,ipa_angle_controller_p_component,ipa_angle_controller_i_component,lox_mdot,ipa_mdot,ol_lox_mdot,ol_ipa_mdot,ol_lox_angle,ol_ipa_angle
0.01,0,550,0.12072,0.25,0.12468,0,12.596,3.3049,nan,0.24981,0,12.694,-0.24225,nan,88.999,70.967,58.038,273.15,273.15,90.231,90.95,88.972,0,0,0,0,0,0,0.39222,0.15345,0.24759,0.20632,43.459,90
0.021,0,550,0.12064,0.25,0.12468,0,12.587,3.0152,nan,0.24981,0,12.681,-0.24225,nan,89.047,70.943,57.894,273.15,273.15,90.383,91.007,89,0,0,0,0,0,0,0.39404,0.15456,0.24759,0.20632,43.431,90
0.034,0,550,0.12069,0.25,0.12468,0,12.621,3.2034,nan,0.24981,0,12.697,-0.24225,nan,89.089,71.03,57.852,273.15,273.15,90.68,90.717,88.96,0,0,0,0,0,0,0.39599,0.14459,0.24759,0.20632,43.449,90
0.047,0,550,0.12103,0.25,0.12468,0,12.617,3.094,nan,0.24981,0,12.687,-0.24225,nan,89.07,71.324,57.997,273.15,273.15,90.506,90.727,88.981,0,0,0,0,0,0,0.39821,0.14412,0.24759,0.20632,43.572,90
0.059,0,550,0.121,0.25,0.12468,0,12.607,12.101,nan,0.24981,0,0,-0.24225,nan,89.028,71.254,58.033,273.15,273.15,90.27,90.93,88.948,0,0,0,0,0,0,0.39662,0.15355,0.24759,0.20632,43.561,90
0.088,0,550,0.1209,0.25,0.12456,0,12.598,4.4285,nan,0.24981,0,12.692,-0.24225,nan,89.095,71.229,57.861,273.15,273.15,90.294,91.011,88.912,0,0,0,0,0,0,0.39884,0.15803,0.24759,0.20632,43.524,90
0.115,0,550,0.12048,0.25,0.12456,0,12.56,5.028,nan,0.24981,0,12.706,-0.24225,nan,89.152,70.894,57.438,273.15,273.15,90.368,90.512,88.865,0,0,0,0,0,0,0.40014,0.14001,0.24759,0.20632,43.372,90
0.141,0,550,0.12069,0.25,0.12456,0,12.555,5.7771,nan,0.24981,0,12.685,-0.24225,nan,89.326,71.263,57.787,273.15,273.15,89.874,90.255,88.77,0,0,0,0,0,0,0.40044,0.13294,0.24759,0.20632,43.447,90
0.173,0,550,0.12093,0.25,0.12456,0,12.601,4.7408,nan,0.24981,0,12.726,-0.24225,nan,88.88,71.042,57.879,273.15,273.15,90.212,90.666,88.73,0,0,0,0,0,0,0.39575,0.15175,0.24759,0.20632,43.535,90
0.202,0,550,0.12024,0.25,0.12456,0,12.571,5.4641,nan,0.24981,0,12.692,-0.24225,nan,88.896,70.412,57.535,273.15,273.15,90.075,90.513,88.775,0,0,0,0,0,0,0.39144,0.14382,0.24759,0.20632,43.286,90
0.23,0,550,0.1208,0.25,0.12456,0,12.56,5.9457,nan,0.24981,0,12.701,-0.24225,nan,88.893,70.93,58.009,273.15,273.15,89.891,90.343,88.745,0,0,0,0,0,0,0.39211,0.1379,0.24759,0.20632,43.486,90
0.261,0,550,0.12144,0.25,0.12456,0,12.58,4.269,nan,0.24981,0,12.703,-0.24225,nan,88.764,71.382,57.85,273.15,273.15,90.102,90.651,88.77,0,0,0,0,0,0,0.40127,0.1496,0.24759,0.20632,43.719,90
0.289,0,550,0.12024,0.25,0.12456,0,12.566,5.9881,nan,0.24981,0,12.729,-0.24225,nan,89.051,70.566,57.68,273.15,273.15,90.164,90.621,88.746,0,0,0,0,0,0,0.39157,0.14936,0.24759,0.20632,43.286,90
0.321,0,550,0.12123,0.25,0.12456,0,12.575,5.5377,nan,0.24981,0,12.671,-0.24225,nan,88.745,71.175,57.771,273.15,273.15,90.04,90.521,88.743,0,0,0,0,0,0,0.39936,0.14544,0.24759,0.20632,43.642,90
0.352,0,550,0.12069,0.25,0.12456,0,12.562,5.4876,nan,0.24981,0,12.687,-0.24225,nan,88.939,70.877,57.49,273.15,273.15,90.146,90.383,88.684,0,0,0,0,0,0,0.3991,0.14217,0.24759,0.20632,43.447,90
0.38,0,550,0.1211,0.25,0.12456,0,12.569,5.7916,nan,0.24981,0,12.697,-0.24225,nan,88.859,71.175,57.831,273.15,273.15,90.298,90.372,88.607,0,0,0,0,0,0,0.39847,0.14489,0.24759,0.20632,43.597,90
0.408,0,550,0.12032,0.25,0.12456,0,12.587,6.5415,nan,0.24981,0,12.678,-0.24225,nan,88.78,70.372,57.49,273.15,273.15,90.424,90.303,88.658,0,0,0,0,0,0,0.39152,0.13992,0.24759,0.20632,43.315,90
0.438,0,550,0.12066,0.25,0.12456,0,12.525,6.8024,nan,0.24981,0,12.671,-0.24225,nan,88.67,70.581,57.654,273.15,273.15,89.732,90.261,88.616,0,0,0,0,0,0,0.3922,0.1399,0.24759,0.20632,43.437,90
0.468,0,550,0.12089,0.25,0.12456,0,12.571,6.2097,nan,0.24981,0,12.685,-0.24225,nan,88.741,70.861,57.697,273.15,273.15,89.981,90.253,88.478,0,0,0,0,0,0,0.39578,0.14533,0.24759,0.20632,43.519,90
0.496,0,550,0.12101,0.25,0.12456,0,12.573,5.7009,nan,0.24981,0,12.706,-0.24225,nan,88.895,71.128,57.663,273.15,273.15,90.007,90.465,88.496,0,0,0,0,0,0,0.40028,0.15305,0.24759,0.20632,43.564,90
0.525,0,550,0.12053,0.25,0.12456,0,12.585,7.4891,nan,0.24981,0,12.699,-0.24225,nan,88.802,70.595,57.536,273.15,273.15,90.282,90.173,88.542,0,0,0,0,0,0,0.39419,0.13932,0.24759,0.20632,43.392,90
0.557,0,550,0.12023,0.25,0.12444,0,12.539,7.4658,nan,0.24981,0,12.692,-0.24225,nan,88.796,70.305,57.549,273.15,273.15,89.757,90.45,88.534,0,0,0,0,0,0,0.38959,0.15101,0.24759,0.20632,43.284,90
0.585,0,550,0.12082,0.25,0.12444,0,12.523,6.9723,nan,0.24981,0,12.683,-0.24225,nan,88.848,70.909,57.514,273.15,273.15,89.797,90.291,88.468,0,0,0,0,0,0,0.39924,0.14732,0.24759,0.20632,43.495,90
0.613,0,550,0.12132,0.25,0.12444,0,12.539,6.0907,nan,0.24981,0,12.717,-0.24225,nan,88.592,71.099,57.482,273.15,273.15,89.777,90.722,88.454,0,0,0,0,0,0,0.40253,0.1643,0.24759,0.20632,43.674,90
0.643,0,550,0.12097,0.25,0.12444,0,12.619,6.4564,nan,0.24981,0,12.669,-0.24225,nan,88.553,70.749,57.794,273.15,273.15,89.946,90.426,88.444,0,0,0,0,0,0,0.39262,0.15358,0.24759,0.20632,43.549,90
0.672,0,550,0.12078,0.25,0.12444,0,12.548,7.3997,nan,0.24981,0,12.722,-0.24225,nan,88.631,70.654,57.346,273.15,273.15,90.001,89.967,88.383,0,0,0,0,0,0,0.39793,0.13728,0.24759,0.20632,43.48,90
0.701,0,550,0.12073,0.25,0.12444,0,12.582,6.8756,nan,0.24981,0,12.674,-0.24225,nan,88.572,70.545,57.646,273.15,273.15,89.796,90.159,88.317,0,0,0,0,0,0,0.39177,0.14805,0.24759,0.20632,43.461,90
0.732,0,550,0.12075,0.25,0.12432,0,12.562,6.7093,nan,0.24981,0,12.685,-0.24225,nan,88.505,70.501,57.32,273.15,273.15,89.735,90.311,88.346,0,0,0,0,0,0,0.39604,0.15293,0.24759,0.20632,43.47,90
0.764,0,550,0.12061,0.25,0.12432,0,12.553,7.2368,nan,0.24981,0,12.697,-0.24225,nan,88.58,70.446,57.393,273.15,273.15,89.562,90.073,88.352,0,0,0,0,0,0,0.3941,0.1431,0.24759,0.20632,43.42,90
0.795,0,550,0.12105,0.25,0.12432,0,12.541,6.7735,nan,0.24981,0,12.706,-0.24225,nan,88.283,70.556,57.493,273.15,273.15,89.743,90.241,88.321,0,0,0,0,0,0,0.39426,0.15114,0.24759,0.20632,43.579,90
0.82,0,550,0.12049,0.25,0.12432,0,12.544,8.1631,nan,0.24981,0,12.69,-0.24225,nan,88.516,70.271,57.173,273.15,273.15,89.481,90.089,88.321,0,0,0,0,0,0,0.39477,0.14504,0.24759,0.20632,43.377,90
0.851,0,550,0.12079,0.25,0.12419,0,12.56,7.3598,nan,0.24981,0,12.699,-0.24225,nan,88.305,70.341,57.279,273.15,273.15,89.663,89.984,88.269,0,0,0,0,0,0,0.39423,0.14287,0.24759,0.20632,43.486,90
0.88,0,550,0.1207,0.25,0.12419,0,12.557,8.1068,nan,0.24981,0,12.674,-0.24225,nan,88.38,70.332,57.016,273.15,273.15,89.275,90.026,88.273,0,0,0,0,0,0,0.39806,0.14442,0.24759,0.20632,43.453,90
0.91,0,550,0.12086,0.25,0.12419,0,12.537,9.0023,nan,0.24981,0,12.678,-0.24225,nan,88.455,70.55,57.405,273.15,273.15,89.6,90.198,88.211,0,0,0,0,0,0,0.39548,0.15375,0.24759,0.20632,43.509,90
0.938,0,550,0.11989,0.25,0.12416,0.015259,12.5,9.758,nan,0.24981,0,12.697,-0.24225,nan,88.48,69.653,56.599,273.15,273.15,89.665,89.857,88.097,0,0,0,0,0,0,0.39411,0.14472,0.24759,0.20632,43.16,90
0.969,0,550,0.1203,0.25,0.12395,0,12.525,10.075,nan,0.24981,0,12.66,-0.24225,nan,88.281,69.856,56.997,273.15,273.15,89.536,90.234,88.097,0,0,0,0,0,0,0.39115,0.15944,0.24759,0.20632,43.308,90
0.999,0,550,0.11981,0.25,0.12395,0,12.518,9.7523,nan,0.24981,0,12.699,-0.24225,nan,88.484,69.584,56.689,273.15,273.15,89.717,89.985,88.053,0,0,0,0,0,0,0.3917,0.15159,0.24759,0.20632,43.133,90
1.027,0,550,0.12033,0.25,0.12383,0,12.55,8.7355,nan,0.24981,0,12.69,-0.24225,nan,88.367,69.97,56.919,273.15,273.15,89.739,89.949,88.08,0,0,0,0,0,0,0.39406,0.14915,0.24759,0.20632,43.319,90
1.058,0,550,0.12072,0.25,0.12383,0,12.521,7.4559,nan,0.24981,0,12.719,-0.24225,nan,88.31,70.276,56.812,273.15,273.15,89.677,89.911,88.138,0,0,0,0,0,0,0.40026,0.14524,0.24759,0.20632,43.459,90
1.087,0,550,0.12026,0.25,0.12383,0,12.532,9.6107,nan,0.24981,0,12.694,-0.24225,nan,88.182,69.715,56.722,273.15,273.15,89.266,90.05,88.008,0,0,0,0,0,0,0.39318,0.15589,0.24759,0.20632,43.293,90
1.116,0,550,0.12063,0.25,0.12353,0.030518,12.534,10.625,nan,0.24981,0,12.697,-0.24225,nan,88.063,69.947,57.017,273.15,273.15,89.733,89.89,87.966,0,0,0,0,0,0,0.39224,0.1513,0.24759,0.20632,43.426,90
1.145,0,550,0.12058,0.25,0.1233,0.015259,12.571,6.6463,nan,0.24981,0,12.726,-0.24225,nan,88.175,70.01,56.715,273.15,273.15,89.671,89.963,87.95,0,0,0,0,0,0,0.39774,0.15475,0.24759,0.20632,43.408,90
1.175,0,550,0.12017,0.25,0.12316,0.015259,12.546,7.897,nan,0.24981,0,12.687,-0.24225,nan,87.977,69.423,56.253,273.15,273.15,89.678,89.877,88.006,0,0,0,0,0,0,0.39585,0.1492,0.24759,0.20632,43.26,90
1.208,0,550,0.11935,0.25,0.12245,0.015259,12.578,7.4676,nan,0.24981,0,12.687,-0.24225,nan,88.023,68.658,55.851,273.15,273.15,89.675,89.902,88.147,0,0,0,0,0,0,0.39038,0.14449,0.24759,0.20632,42.967,90
1.236,0,550,0.11924,0.25,0.12236,0,12.537,8.5498,nan,0.24981,0,12.685,-0.24225,nan,88.307,68.825,55.64,273.15,273.15,89.572,90.027,88.196,0,0,0,0,0,0,0.39609,0.14763,0.24759,0.20632,42.926,90
1.264,0,550,0.11888,0.25,0.12224,0,12.532,9.8711,nan,0.24981,0,12.69,-0.24225,nan,88.329,68.473,55.878,273.15,273.15,89.634,89.832,88.168,0,0,0,0,0,0,0.38712,0.14071,0.24759,0.20632,42.799,90
1.29,0,550,0.12007,0.25,0.1221,0.015259,12.589,8.9861,nan,0.24981,0,12.692,-0.24225,nan,87.917,69.272,56.341,273.15,273.15,89.77,89.909,88.085,0,0,0,0,0,0,0.39225,0.14731,0.24759,0.20632,43.226,90
1.321,0,550,0.11854,0.25,0.122,0,12.53,7.7831,nan,0.24981,0,12.687,-0.24225,nan,88.303,68.073,55.441,273.15,273.15,89.685,89.734,88.007,0,0,0,0,0,0,0.3877,0.14337,0.24759,0.20632,42.674,90
1.351,0,550,0.11866,0.25,0.122,0,12.518,9.8211,nan,0.24981,0,12.699,-0.24225,nan,88.065,67.968,55.377,273.15,273.15,89.201,89.973,88.011,0,0,0,0,0,0,0.38708,0.15278,0.24759,0.20632,42.718,90
1.379,0,550,0.11908,0.25,0.12175,0,12.541,7.5987,nan,0.24981,0,12.683,-0.24225,nan,87.952,68.3,55.463,273.15,273.15,89.454,89.744,87.947,0,0,0,0,0,0,0.39084,0.14623,0.24759,0.20632,42.868,90
1.412,0,550,0.11911,0.25,0.12163,0,12.537,8.1898,nan,0.24981,0,12.697,-0.24225,nan,87.981,68.363,55.427,273.15,273.15,89.235,89.684,87.946,0,0,0,0,0,0,0.39233,0.1438,0.24759,0.20632,42.88,90
1.439,0,550,0.11885,0.25,0.12131,0.015259,12.532,8.7823,nan,0.24981,0,12.699,-0.24225,nan,88.29,68.392,55.452,273.15,273.15,89.45,89.746,87.956,0,0,0,0,0,0,0.39239,0.14591,0.24759,0.20632,42.784,90
1.469,0,550,0.11845,0.25,0.12107,0.015259,12.548,9.5149,nan,0.24981,0,12.676,-0.24225,nan,88.19,67.858,55.336,273.15,273.15,89.33,90.163,88.025,0,0,0,0,0,0,0.386,0.15949,0.24759,0.20632,42.641,90
1.501,0,550,0.1181,0.25,0.12078,0,12.512,9.722,nan,0.24981,0,12.701,-0.24225,nan,88.169,67.449,55.03,273.15,273.15,89.601,89.711,87.995,0,0,0,0,0,0,0.38442,0.14291,0.24759,0.20632,42.517,90
1.529,0,550,0.11789,0.25,0.12024,0.015259,12.53,10.304,nan,0.24981,0,12.674,-0.24225,nan,88.083,67.123,54.557,273.15,273.15,89.596,89.655,88.06,0,0,0,0,0,0,0.38669,0.13777,0.24759,0.20632,42.441,90
1.56,0,550,0.11739,0.25,0.11956,0,12.546,7.7026,nan,0.24981,0,12.69,-0.24225,nan,87.985,66.425,54.289,273.15,273.15,89.524,89.876,88.106,0,0,0,0,0,0,0.38001,0.14511,0.24759,0.20632,42.259,90
1.589,0,550,0.1174,0.25,0.11943,0,12.518,8.6052,nan,0.24981,0,12.703,-0.24225,nan,88.224,66.675,54.312,273.15,273.15,89.527,89.732,88.059,0,0,0,0,0,0,0.38354,0.1411,0.24759,0.20632,42.262,90
1.618,0,550,0.11726,0.25,0.11931,0,12.53,9.058,nan,0.24981,0,12.687,-0.24225,nan,88.195,66.487,54.142,273.15,273.15,89.495,89.757,88.124,0,0,0,0,0,0,0.38326,0.13936,0.24759,0.20632,42.215,90
1.648,0,550,0.11722,0.25,0.11919,0,12.544,8.9305,nan,0.24981,0,12.701,-0.24225,nan,88.008,66.251,54.029,273.15,273.15,89.864,89.779,88.099,0,0,0,0,0,0,0.38136,0.14141,0.24759,0.20632,42.201,90
1.677,0,550,0.11682,0.25,0.11907,0,12.525,9.7302,nan,0.24981,0,12.715,-0.24225,nan,88.414,66.15,53.586,273.15,273.15,89.445,89.898,88.019,0,0,0,0,0,0,0.38666,0.14953,0.24759,0.20632,42.054,90
1.703,0,550,0.11745,0.25,0.11875,0.015259,12.582,8.0357,nan,0.24981,0,12.699,-0.24225,nan,87.938,66.455,54.019,273.15,273.15,89.772,89.839,88.019,0,0,0,0,0,0,0.38469,0.14714,0.24759,0.20632,42.282,90
1.732,0,550,0.1168,0.25,0.1187,0,12.53,9.1431,nan,0.24981,0,12.692,-0.24225,nan,88.16,65.876,53.283,273.15,273.15,89.245,89.679,88.1,0,0,0,0,0,0,0.38709,0.13708,0.24759,0.20632,42.049,90
1.761,0,550,0.11683,0.25,0.11836,0.015259,12.539,7.5532,nan,0.24981,0,12.687,-0.24225,nan,88.214,65.96,53.333,273.15,273.15,89.6,89.865,87.964,0,0,0,0,0,0,0.38762,0.15043,0.24759,0.20632,42.057,90
1.789,0,550,0.11654,0.25,0.11809,0,12.557,8.6695,nan,0.24981,0,12.701,-0.24225,nan,88.099,65.476,53.172,273.15,273.15,89.781,89.845,88.026,0,0,0,0,0,0,0.38263,0.14711,0.24759,0.20632,41.954,90
1.818,0,550,0.11613,0.25,0.11789,0.015259,12.512,9.1516,nan,0.24981,0,12.69,-0.24225,nan,88.284,65.118,53.099,273.15,273.15,89.649,89.894,88.046,0,0,0,0,0,0,0.37816,0.1483,0.24759,0.20632,41.806,90
.692,-0.24225,nan,88.392,65.283,53.049,273.15,273.15,89.688,89.847,88.122,0,0,0,0,0,0,0.38154,0.14325,0.24759,0.20632,41.821,90
1.881,0,550,0.11578,0.25,0.11724,0,12.546,9.046,nan,0.24981,0,12.722,-0.24225,nan,88.351,64.705,52.678,273.15,273.15,89.494,89.868,88.157,0,0,0,0,0,0,0.3783,0.14267,0.24759,0.20632,41.68,90
1.91,0,550,0.1156,0.25,0.11678,0.015259,12.56,8.2241,nan,0.24981,0,12.697,-0.24225,nan,88.365,64.472,52.683,273.15,273.15,89.842,90.063,88.173,0,0,0,0,0,0,0.37453,0.14996,0.24759,0.20632,41.616,90
1.94,0,550,0.11577,0.25,0.11663,0.015259,12.534,8.3897,nan,0.24981,0,12.685,-0.24225,nan,88.454,64.794,52.441,273.15,273.15,89.493,89.82,88.065,0,0,0,0,0,0,0.38338,0.14451,0.24759,0.20632,41.676,90
1.971,0,550,0.11544,0.25,0.11663,0,12.514,9.5547,nan,0.24981,0,12.717,-0.24225,nan,88.408,64.281,52.367,273.15,273.15,89.432,90.104,88.106,0,0,0,0,0,0,0.37652,0.15419,0.24759,0.20632,41.557,90
2,0,550,0.11582,0.25,0.1165,0,12.562,8.1324,nan,0.24981,0,12.697,-0.24225,nan,88.204,64.619,52.407,273.15,273.15,89.591,89.931,88.127,0,0,0,0,0,0,0.38119,0.14649,0.24759,0.20632,41.695,90
2.034,0,550,0.11545,0.25,0.1165,0,12.548,9.7165,nan,0.24981,0,12.71,-0.24225,nan,87.896,63.785,52.139,273.15,273.15,89.543,89.898,88.049,0,0,0,0,0,0,0.37226,0.14832,0.24759,0.20632,41.561,90
2.063,0,550,0.11555,0.25,0.11638,0,12.525,8.4045,nan,0.24981,0,12.687,-0.24225,nan,88.149,64.179,52.256,273.15,273.15,89.317,89.948,88.086,0,0,0,0,0,0,0.37666,0.14888,0.24759,0.20632,41.597,90
2.09,0,550,0.1152,0.25,0.11638,0,12.516,10.273,nan,0.24981,0,12.738,-0.24225,nan,88.242,63.773,52.04,273.15,273.15,89.537,89.819,87.99,0,0,0,0,0,0,0.37365,0.14751,0.24759,0.20632,41.472,90
2.12,0,550,0.11557,0.25,0.11638,0,12.53,9.1601,nan,0.24981,0,12.683,-0.24225,nan,88.341,64.41,52.707,273.15,273.15,89.245,89.911,87.947,0,0,0,0,0,0,0.37317,0.15285,0.24759,0.20632,41.606,90
2.15,0,550,0.11548,0.25,0.11638,0,12.525,9.852,nan,0.24981,0,12.678,-0.24225,nan,88.108,64.05,52.164,273.15,273.15,89.688,89.899,87.949,0,0,0,0,0,0,0.37607,0.15233,0.24759,0.20632,41.574,90
2.18,0,550,0.11554,0.25,0.11635,0.015259,12.541,9.0878,nan,0.24981,0,12.708,-0.24225,nan,88.088,64.111,52.1,273.15,273.15,89.416,89.712,88.035,0,0,0,0,0,0,0.37804,0.14125,0.24759,0.20632,41.595,90
2.211,0,550,0.1157,0.25,0.11626,0,12.541,8.7217,nan,0.24981,0,12.703,-0.24225,nan,87.94,64.194,52.19,273.15,273.15,89.328,89.802,88.148,0,0,0,0,0,0,0.37794,0.14029,0.24759,0.20632,41.654,90
2.24,0,550,0.11524,0.25,0.11626,0,12.544,9.4782,nan,0.24981,0,12.669,-0.24225,nan,88.407,63.998,52.005,273.15,273.15,89.505,89.844,88.043,0,0,0,0,0,0,0.37776,0.14639,0.24759,0.20632,41.486,90
2.27,0,550,0.11532,0.25,0.11626,0,12.534,8.8619,nan,0.24981,0,12.701,-0.24225,nan,88.401,64.111,52.076,273.15,273.15,89.849,90.033,88.076,0,0,0,0,0,0,0.37843,0.1526,0.24759,0.20632,41.516,90
2.3,0,550,0.11572,0.25,0.11626,0,12.523,8.235,nan,0.24981,0,12.701,-0.24225,nan,88.145,64.413,52.127,273.15,273.15,89.772,90.016,88.145,0,0,0,0,0,0,0.38236,0.14921,0.24759,0.20632,41.657,90
2.329,0,550,0.1153,0.25,0.11626,0,12.528,9.3487,nan,0.24981,0,12.651,-0.24225,nan,88.287,63.97,52.089,273.15,273.15,89.492,90.041,88.192,0,0,0,0,0,0,0.376,0.14833,0.24759,0.20632,41.509,90
2.364,0,550,0.11557,0.24438,0.11626,0,12.539,8.5381,nan,0.24981,0,12.701,-0.24225,nan,88.407,64.468,52.16,273.15,273.15,89.815,89.452,88.077,0,0,0,0,0,0,0.38268,0.1279,0.24759,0.20632,41.604,87.978
2.39,0,550,0.11526,0.25,0.11626,0,12.53,9.51,nan,0.24981,0,12.676,-0.24225,nan,88.231,63.845,52.099,273.15,273.15,89.461,89.663,88.102,0,0,0,0,0,0,0.37385,0.13626,0.24759,0.20632,41.492,90
2.418,0,550,0.11536,0.25,0.11626,0,12.525,8.7317,nan,0.24981,0,12.685,-0.24225,nan,88.313,64.075,52.087,273.15,273.15,89.698,89.575,88.081,0,0,0,0,0,0,0.37768,0.1333,0.24759,0.20632,41.529,90
2.448,0,550,0.11576,0.25,0.11626,0,12.546,8.0347,nan,0.24981,0,12.692,-0.24225,nan,88.14,64.466,52.301,273.15,273.15,89.234,89.796,88.178,0,0,0,0,0,0,0.38046,0.13873,0.24759,0.20632,41.672,90
2.478,0,550,0.11592,0.25,0.11626,0,12.521,8.5575,nan,0.24981,0,12.699,-0.24225,nan,88.094,64.648,52.345,273.15,273.15,89.631,89.979,88.172,0,0,0,0,0,0,0.38261,0.14666,0.24759,0.20632,41.732,90
2.507,0,550,0.11531,0.25,0.11626,0,12.55,8.9719,nan,0.24981,0,12.703,-0.24225,nan,88.363,64.056,51.865,273.15,273.15,89.601,89.52,88.049,0,0,0,0,0,0,0.38087,0.13231,0.24759,0.20632,41.512,90
2.536,0,550,0.11537,0.25,0.11626,0,12.544,9.175,nan,0.24981,0,12.69,-0.24225,nan,88.482,64.259,52.389,273.15,273.15,89.579,89.726,88.111,0,0,0,0,0,0,0.37582,0.13861,0.24759,0.20632,41.533,90
679,88.171,0,0,0,0,0,0,0.37671,0.13396,0.24759,0.20632,41.584,90
2.593,0,550,0.11534,0.25,0.11626,0,12.518,9.6175,nan,0.24981,0,12.706,-0.24225,nan,88.424,64.164,52.168,273.15,273.15,89.453,89.949,88.213,0,0,0,0,0,0,0.3778,0.14372,0.24759,0.20632,41.523,90
2.62,0,550,0.11542,0.25,0.11626,0,12.546,9.0136,nan,0.24981,0,12.703,-0.24225,nan,88.5,64.356,52.247,273.15,273.15,89.57,89.804,88.202,0,0,0,0,0,0,0.37958,0.13805,0.24759,0.20632,41.552,90
2.653,0,550,0.11513,0.25,0.11626,0,12.53,10.639,nan,0.24981,0,12.717,-0.24225,nan,88.513,63.946,52.127,273.15,273.15,89.621,89.856,88.262,0,0,0,0,0,0,0.37501,0.13771,0.24759,0.20632,41.448,90
2.68,0,550,0.11526,0.25,0.11614,0,12.528,9.712,nan,0.24981,0,12.701,-0.24225,nan,88.623,64.243,52.229,273.15,273.15,89.579,90.116,88.286,0,0,0,0,0,0,0.37808,0.14753,0.24759,0.20632,41.494,90
2.71,0,550,0.11509,0.25,0.11614,0,12.537,9.9545,nan,0.24981,0,12.671,-0.24225,nan,88.696,64.071,51.992,273.15,273.15,89.731,90.048,88.321,0,0,0,0,0,0,0.37912,0.14335,0.24759,0.20632,41.433,90
2.739,0,550,0.11554,0.25,0.11614,0,12.541,8.1622,nan,0.24981,0,12.685,-0.24225,nan,88.55,64.572,52.094,273.15,273.15,89.952,90.007,88.275,0,0,0,0,0,0,0.38532,0.14357,0.24759,0.20632,41.594,90
2.771,0,550,0.1154,0.25,0.11614,0,12.55,9.4846,nan,0.24981,0,12.692,-0.24225,nan,88.523,64.342,52.398,273.15,273.15,89.567,89.832,88.27,0,0,0,0,0,0,0.377,0.13633,0.24759,0.20632,41.543,90
2.8,0,550,0.11505,0.25,0.11614,0,12.516,10.642,nan,0.24981,0,12.701,-0.24225,nan,88.667,63.981,52.081,273.15,273.15,89.807,89.996,88.331,0,0,0,0,0,0,0.3763,0.14073,0.24759,0.20632,41.419,90
2.83,0,550,0.11518,0.25,0.11602,0.015259,12.516,9.4277,nan,0.24981,0,12.708,-0.24225,nan,88.733,64.24,52.025,273.15,273.15,89.845,90.086,88.326,0,0,0,0,0,0,0.38124,0.14473,0.24759,0.20632,41.465,90
2.858,0,550,0.11531,0.25,0.11602,0,12.521,9.2628,nan,0.24981,0,12.685,-0.24225,nan,88.593,64.284,51.9,273.15,273.15,89.836,90.106,88.337,0,0,0,0,0,0,0.38386,0.14507,0.24759,0.20632,41.511,90
2.89,0,550,0.11535,0.25,0.11602,0,12.55,9.2812,nan,0.24981,0,12.697,-0.24225,nan,88.46,64.217,52.447,273.15,273.15,89.682,89.921,88.347,0,0,0,0,0,0,0.37422,0.13686,0.24759,0.20632,41.528,90
2.922,0,550,0.11527,0.25,0.11602,0,12.553,10.017,nan,0.24981,0,12.683,-0.24225,nan,88.692,64.329,52.18,273.15,273.15,89.978,90.228,88.313,0,0,0,0,0,0,0.38021,0.15093,0.24759,0.20632,41.498,90
2.95,0,550,0.11539,0.25,0.11589,0,12.546,9.0488,nan,0.24981,0,12.699,-0.24225,nan,88.545,64.347,52.177,273.15,273.15,89.654,90.291,88.366,0,0,0,0,0,0,0.38054,0.15138,0.24759,0.20632,41.539,90
2.98,0,550,0.11528,0.25,0.11589,0,12.53,9.3254,nan,0.24981,0,12.674,-0.24225,nan,88.574,64.22,52.001,273.15,273.15,89.802,90.521,88.407,0,0,0,0,0,0,0.3813,0.1586,0.24759,0.20632,41.5,90
3.012,0,550,0.11515,0.25,0.11579,0.015259,12.553,9.1011,nan,0.24981,0,12.701,-0.24225,nan,88.618,64.078,52.022,273.15,273.15,89.718,90.095,88.365,0,0,0,0,0,0,0.37875,0.14345,0.24759,0.20632,41.454,90
3.039,0,550,0.11504,0.25,0.11577,0,12.512,9.526,nan,0.24981,0,12.708,-0.24225,nan,88.554,63.853,52.129,273.15,273.15,89.581,90.264,88.436,0,0,0,0,0,0,0.3735,0.14748,0.24759,0.20632,41.415,90
3.07,0,550,0.11497,0.25,0.11553,0,12.53,8.7309,nan,0.24981,0,12.69,-0.24225,nan,88.824,64.015,51.959,273.15,273.15,89.737,89.929,88.467,0,0,0,0,0,0,0.37875,0.13189,0.24759,0.20632,41.389,90
3.099,0,550,0.11473,0.25,0.11516,0.015259,12.518,8.6802,nan,0.24981,0,12.683,-0.24225,nan,88.667,63.504,51.484,273.15,273.15,90.298,90.405,88.482,0,0,0,0,0,0,0.37818,0.15124,0.24759,0.20632,41.304,90
3.132,0,550,0.11475,0.25,0.11492,0,12.532,9.0411,nan,0.24981,0,12.683,-0.24225,nan,88.719,63.58,51.65,273.15,273.15,89.645,90.574,88.621,0,0,0,0,0,0,0.37675,0.15244,0.24759,0.20632,41.31,90
3.163,0,550,0.11454,0.25,0.11485,0.015259,12.544,9.2741,nan,0.24981,0,12.706,-0.24225,nan,88.752,63.288,51.371,273.15,273.15,90.154,90.177,88.568,0,0,0,0,0,0,0.37656,0.13835,0.24759,0.20632,41.234,90
3.189,0,550,0.1145,0.25,0.11475,0.015259,12.548,9.3356,nan,0.24981,0,12.694,-0.24225,nan,88.893,63.374,51.419,273.15,273.15,89.937,90.332,88.532,0,0,0,0,0,0,0.37717,0.14636,0.24759,0.20632,41.221,90
3.22,0,550,0.11435,0.25,0.11467,0,12.541,8.9753,nan,0.24981,0,12.681,-0.24225,nan,88.957,63.197,51.15,273.15,273.15,90.083,90.193,88.56,0,0,0,0,0,0,0.37862,0.13938,0.24759,0.20632,41.166,90
3.25,0,550,0.11389,0.25,0.11467,0,12.507,10.524,nan,0.24981,0,12.687,-0.24225,nan,88.868,62.372,50.947,273.15,273.15,89.911,90.059,88.511,0,0,0,0,0,0,0.36871,0.13574,0.24759,0.20632,41.001,90
3.28,0,550,0.11437,0.25,0.11439,0.015259,12.55,8.7164,nan,0.24981,0,12.671,-0.24225,nan,88.78,63.054,51.068,273.15,273.15,90.17,90.071,88.365,0,0,0,0,0,0,0.37765,0.1425,0.24759,0.20632,41.174,90
3.339,0,550,0.11421,0.25,0.11419,0,12.532,9.0366,nan,0.24981,0,12.701,-0.24225,nan,88.768,62.788,50.946,273.15,273.15,89.935,90.177,88.698,0,0,0,0,0,0,0.37537,0.13265,0.24759,0.20632,41.116,90
3.369,0,550,0.11472,0.25,0.11394,0,12.493,7.3811,nan,0.24981,0,12.687,-0.24225,nan,88.821,63.639,51.278,273.15,273.15,89.998,90.493,88.544,0,0,0,0,0,0,0.38352,0.15228,0.24759,0.20632,41.3,90
3.399,0,550,0.11384,0.25,0.11394,0,12.56,8.7062,nan,0.24981,0,12.678,-0.24225,nan,88.914,62.331,50.565,273.15,273.15,89.929,90.362,88.687,0,0,0,0,0,0,0.37417,0.14118,0.24759,0.20632,40.982,90
3.429,0,550,0.11411,0.25,0.11381,0.015259,12.528,7.9291,nan,0.24981,0,12.701,-0.24225,nan,88.7,62.561,50.753,273.15,273.15,89.792,90.483,88.626,0,0,0,0,0,0,0.37484,0.14865,0.24759,0.20632,41.08,90
3.461,0,550,0.11398,0.25,0.11369,0.015259,12.546,8.4202,nan,0.24981,0,12.683,-0.24225,nan,88.978,62.62,50.93,273.15,273.15,89.845,90.267,88.528,0,0,0,0,0,0,0.37295,0.14385,0.24759,0.20632,41.031,90
3.49,0,550,0.11393,0.25,0.1137,0,12.555,9.0315,nan,0.24981,0,12.687,-0.24225,nan,88.685,62.255,50.672,273.15,273.15,89.995,90.145,88.566,0,0,0,0,0,0,0.37125,0.13706,0.24759,0.20632,41.016,90
3.52,0,550,0.11361,0.25,0.11364,0.015259,12.537,9.1665,nan,0.24981,0,12.683,-0.24225,nan,89.002,62.036,50.419,273.15,273.15,89.852,90.078,88.503,0,0,0,0,0,0,0.37179,0.13689,0.24759,0.20632,40.9,90
3.55,0,550,0.11385,0.25,0.11357,0,12.537,8.6555,nan,0.24981,0,12.676,-0.24225,nan,88.906,62.345,50.491,273.15,273.15,90.098,90.308,88.427,0,0,0,0,0,0,0.37555,0.14961,0.24759,0.20632,40.987,90
3.58,0,550,0.11357,0.25,0.11357,0,12.544,9.7666,nan,0.24981,0,12.706,-0.24225,nan,88.941,61.912,50.173,273.15,273.15,90.037,90.082,88.429,0,0,0,0,0,0,0.37375,0.14025,0.24759,0.20632,40.887,90
3.613,0,550,0.11357,0.25,0.11345,0,12.55,8.7599,nan,0.24981,0,12.715,-0.24225,nan,88.791,61.759,50.211,273.15,273.15,90.265,90.379,88.429,0,0,0,0,0,0,0.37069,0.15231,0.24759,0.20632,40.886,90
3.639,0,550,0.11363,0.25,0.11345,0,12.532,8.9278,nan,0.24981,0,12.692,-0.24225,nan,88.785,61.86,50.352,273.15,273.15,89.823,90.088,88.372,0,0,0,0,0,0,0.37003,0.1429,0.24759,0.20632,40.909,90
3.669,0,550,0.11408,0.25,0.11345,0,12.544,7.9958,nan,0.24981,0,12.658,-0.24225,nan,88.814,62.627,50.239,273.15,273.15,90.113,90.125,88.441,0,0,0,0,0,0,0.38393,0.14156,0.24759,0.20632,41.069,90
3.698,0,550,0.11357,0.25,0.11345,0,12.546,9.0096,nan,0.24981,0,12.706,-0.24225,nan,88.982,61.951,50.177,273.15,273.15,89.829,90.391,88.484,0,0,0,0,0,0,0.37429,0.15064,0.24759,0.20632,40.886,90
3.728,0,550,0.11361,0.25,0.11345,0,12.548,8.7793,nan,0.24981,0,12.685,-0.24225,nan,88.653,61.693,50.136,273.15,273.15,89.99,90.034,88.503,0,0,0,0,0,0,0.37083,0.13498,0.24759,0.20632,40.901,90
3.759,0,550,0.1136,0.25,0.11345,0,12.548,8.9185,nan,0.24981,0,12.687,-0.24225,nan,88.682,61.69,50.176,273.15,273.15,89.9,90.237,88.479,0,0,0,0,0,0,0.37014,0.1446,0.24759,0.20632,40.894,90
3.789,0,550,0.11375,0.25,0.11345,0,12.532,7.9789,nan,0.24981,0,12.683,-0.24225,nan,88.732,62.007,50.38,273.15,273.15,90.01,89.865,88.393,0,0,0,0,0,0,0.37194,0.13237,0.24759,0.20632,40.952,90
3.821,0,550,0.11352,0.25,0.11345,0,12.539,8.8999,nan,0.24981,0,12.681,-0.24225,nan,88.989,61.873,49.868,273.15,273.15,89.676,90.176,88.296,0,0,0,0,0,0,0.37794,0.14954,0.24759,0.20632,40.868,90
3.85,0,550,0.11376,0.25,0.11345,0,12.562,7.9023,nan,0.24981,0,12.715,-0.24225,nan,88.431,61.713,50.108,273.15,273.15,89.444,89.866,88.209,0,0,0,0,0,0,0.3716,0.14039,0.24759,0.20632,40.953,90
3.883,0,550,0.11373,0.25,0.11345,0,12.571,8.6287,nan,0.24981,0,12.678,-0.24225,nan,88.378,61.61,50.063,273.15,273.15,89.478,90.127,88.17,0,0,0,0,0,0,0.37067,0.15259,0.24759,0.20632,40.942,90
3.909,0,550,0.11352,0.25,0.11345,0,12.544,8.7526,nan,0.24981,0,12.665,-0.24225,nan,88.655,61.539,50.134,273.15,273.15,89.685,89.89,88.174,0,0,0,0,0,0,0.36839,0.14287,0.24759,0.20632,40.868,90
3.944,0,550,0.11383,0.25,0.11345,0,12.541,8.0157,nan,0.24981,0,12.699,-0.24225,nan,88.618,62.014,50.339,273.15,273.15,89.754,90.035,88.253,0,0,0,0,0,0,0.37273,0.14559,0.24759,0.20632,40.978,90
3.973,0,550,0.11378,0.25,0.11345,0,12.553,8.6945,nan,0.24981,0,12.717,-0.24225,nan,88.507,61.822,50.403,273.15,273.15,89.826,90.081,88.332,0,0,0,0,0,0,0.36861,0.14427,0.24759,0.20632,40.96,90
4.002,0,550,0.11346,0.25,0.11345,0,12.539,9.7597,nan,0.24981,0,12.683,-0.24225,nan,88.847,61.618,50.082,273.15,273.15,89.704,90.084,88.326,0,0,0,0,0,0,0.3705,0.14462,0.24759,0.20632,40.844,90

4.061,0,550,0.11365,0.25,0.11341,0.015259,12.544,8.2536,nan,0.24981,0,12.671,-0.24225,nan,88.615,61.708,50.015,273.15,273.15,89.58,89.978,88.21,0,0,0,0,0,0,0.373,0.14507,0.24759,0.20632,40.913,90
4.09,0,550,0.11383,0.25,0.11333,0,12.566,7.882,nan,0.24981,0,12.701,-0.24225,nan,88.426,61.819,50.184,273.15,273.15,89.659,89.942,88.141,0,0,0,0,0,0,0.37208,0.14637,0.24759,0.20632,40.977,90
4.118,0,550,0.1141,0.25,0.11333,0,12.541,8.4382,nan,0.24981,0,12.669,-0.24225,nan,88.265,62.107,50.276,273.15,273.15,89.473,89.787,88.198,0,0,0,0,0,0,0.3752,0.13748,0.24759,0.20632,41.076,90
4.148,0,550,0.11362,0.25,0.11333,0,12.512,8.993,nan,0.24981,0,12.697,-0.24225,nan,88.741,61.787,50.279,273.15,273.15,89.537,89.82,88.036,0,0,0,0,0,0,0.37004,0.14568,0.24759,0.20632,40.902,90
4.177,0,550,0.11364,0.25,0.11333,0,12.541,8.7396,nan,0.24981,0,12.683,-0.24225,nan,88.522,61.601,50.168,273.15,273.15,89.354,89.929,88.084,0,0,0,0,0,0,0.36884,0.14817,0.24759,0.20632,40.91,90
4.208,0,550,0.11386,0.25,0.11333,0,12.55,8.1271,nan,0.24981,0,12.674,-0.24225,nan,88.252,61.701,49.792,273.15,273.15,89.378,89.943,88.135,0,0,0,0,0,0,0.37645,0.14666,0.24759,0.20632,40.989,90
4.238,0,550,0.11446,0.25,0.11333,0,12.566,7.8433,nan,0.24981,0,12.719,-0.24225,nan,88.16,62.567,50.331,273.15,273.15,89.463,89.755,88.096,0,0,0,0,0,0,0.38157,0.14048,0.24759,0.20632,41.204,90
4.268,0,550,0.11382,0.25,0.11333,0,12.521,7.9713,nan,0.24981,0,12.66,-0.24225,nan,88.566,61.943,50.285,273.15,273.15,89.549,89.586,88.025,0,0,0,0,0,0,0.37245,0.1363,0.24759,0.20632,40.974,90
4.299,0,550,0.1139,0.25,0.11333,0,12.541,8.4631,nan,0.24981,0,12.708,-0.24225,nan,88.458,61.981,50.157,273.15,273.15,89.407,89.706,88.051,0,0,0,0,0,0,0.37509,0.14031,0.24759,0.20632,41.006,90
4.329,0,550,0.11404,0.25,0.11333,0,12.557,7.9653,nan,0.24981,0,12.701,-0.24225,nan,88.171,61.909,50.205,273.15,273.15,89.059,89.866,88.156,0,0,0,0,0,0,0.37318,0.14267,0.24759,0.20632,41.053,90
4.362,0,550,0.11376,0.25,0.11333,0,12.546,9.2849,nan,0.24981,0,12.694,-0.24225,nan,88.37,61.647,50.083,273.15,273.15,89.137,89.6,88.019,0,0,0,0,0,0,0.37094,0.13717,0.24759,0.20632,40.952,90
4.389,0,550,0.11346,0.25,0.11333,0,12.546,8.9966,nan,0.24981,0,12.713,-0.24225,nan,88.072,60.85,49.798,273.15,273.15,89.473,89.872,87.984,0,0,0,0,0,0,0.36263,0.14992,0.24759,0.20632,40.846,90
4.419,0,550,0.11376,0.25,0.11333,0,12.548,7.7172,nan,0.24981,0,12.683,-0.24225,nan,88.432,61.715,50.189,273.15,273.15,89.324,89.777,87.926,0,0,0,0,0,0,0.37032,0.14839,0.24759,0.20632,40.953,90
4.449,0,550,0.11383,0.25,0.11333,0,12.525,8.2659,nan,0.24981,0,12.687,-0.24225,nan,88.417,61.815,50.08,273.15,273.15,89.455,89.765,87.908,0,0,0,0,0,0,0.37367,0.14865,0.24759,0.20632,40.978,90
4.479,0,550,0.11388,0.25,0.11333,0,12.555,8.342,nan,0.24981,0,12.685,-0.24225,nan,88.274,61.753,50.059,273.15,273.15,89.025,89.714,87.896,0,0,0,0,0,0,0.37302,0.14704,0.24759,0.20632,40.996,90
4.507,0,550,0.11361,0.25,0.11333,0,12.564,9.0944,nan,0.24981,0,12.699,-0.24225,nan,88.166,61.203,49.641,273.15,273.15,89.025,89.815,87.973,0,0,0,0,0,0,0.37092,0.14808,0.24759,0.20632,40.901,90
4.538,0,550,0.11356,0.25,0.11333,0,12.532,8.7701,nan,0.24981,0,12.669,-0.24225,nan,88.148,61.091,49.719,273.15,273.15,89.475,89.975,87.954,0,0,0,0,0,0,0.36786,0.1551,0.24759,0.20632,40.881,90
4.569,0,550,0.11392,0.25,0.11333,0,12.553,7.2229,nan,0.24981,0,12.671,-0.24225,nan,88.15,61.704,50.182,273.15,273.15,89.457,89.836,87.839,0,0,0,0,0,0,0.37027,0.15415,0.24759,0.20632,41.012,90
4.599,0,550,0.11365,0.25,0.11333,0,12.555,8.7803,nan,0.24981,0,12.69,-0.24225,nan,88.418,61.522,50.026,273.15,273.15,89.428,89.414,87.745,0,0,0,0,0,0,0.36985,0.14095,0.24759,0.20632,40.915,90
4.629,0,550,0.11382,0.25,0.11333,0,12.562,7.8915,nan,0.24981,0,12.687,-0.24225,nan,88.11,61.489,50.218,273.15,273.15,88.849,89.188,87.747,0,0,0,0,0,0,0.36621,0.13095,0.24759,0.20632,40.974,90
4.659,0,550,0.11395,0.25,0.11333,0,12.548,7.5444,nan,0.24981,0,12.678,-0.24225,nan,87.81,61.403,50.032,273.15,273.15,89.178,89.863,87.84,0,0,0,0,0,0,0.36784,0.15513,0.24759,0.20632,41.021,90
4.691,0,550,0.11399,0.25,0.11333,0,12.546,8.1352,nan,0.24981,0,12.69,-0.24225,nan,87.943,61.614,49.814,273.15,273.15,89.17,89.525,87.864,0,0,0,0,0,0,0.37471,0.14056,0.24759,0.20632,41.038,90
4.719,0,550,0.1137,0.25,0.11333,0,12.541,9.0886,nan,0.24981,0,12.706,-0.24225,nan,88.238,61.427,49.897,273.15,273.15,89.228,89.568,87.849,0,0,0,0,0,0,0.37039,0.14301,0.24759,0.20632,40.933,90
448,87.791,0,0,0,0,0,0,0.36802,0.14041,0.24759,0.20632,40.959,90
4.778,0,550,0.11373,0.25,0.11333,0,12.544,8.3203,nan,0.24981,0,12.715,-0.24225,nan,88.285,61.517,50.054,273.15,273.15,89.245,89.748,87.785,0,0,0,0,0,0,0.36931,0.15285,0.24759,0.20632,40.942,90
4.809,0,550,0.11422,0.25,0.11333,0,12.562,6.7192,nan,0.24981,0,12.678,-0.24225,nan,87.772,61.802,50.143,273.15,273.15,89.372,89.615,87.745,0,0,0,0,0,0,0.37247,0.14919,0.24759,0.20632,41.118,90
4.837,0,550,0.11414,0.25,0.11333,0,12.582,7.5616,nan,0.24981,0,12.699,-0.24225,nan,87.939,61.845,49.888,273.15,273.15,89.094,89.367,87.667,0,0,0,0,0,0,0.37719,0.14222,0.24759,0.20632,41.09,90
4.867,0,550,0.11381,0.25,0.11333,0,12.546,8.7965,nan,0.24981,0,12.676,-0.24225,nan,88.081,61.452,49.896,273.15,273.15,88.916,89.547,87.577,0,0,0,0,0,0,0.37081,0.15311,0.24759,0.20632,40.972,90
4.897,0,550,0.11365,0.25,0.11333,0,12.548,8.5868,nan,0.24981,0,12.713,-0.24225,nan,88.175,61.268,49.791,273.15,273.15,88.744,89.465,87.579,0,0,0,0,0,0,0.36953,0.14979,0.24759,0.20632,40.912,90
4.933,0,550,0.11385,0.25,0.11333,0,12.55,7.3114,nan,0.24981,0,12.685,-0.24225,nan,88.066,61.506,49.767,273.15,273.15,88.936,89.898,87.727,0,0,0,0,0,0,0.37373,0.1607,0.24759,0.20632,40.987,90
4.962,0,550,0.11385,0.25,0.11333,0,12.564,8.0299,nan,0.24981,0,12.701,-0.24225,nan,88.118,61.548,50.087,273.15,273.15,89.24,89.552,87.729,0,0,0,0,0,0,0.3693,0.1473,0.24759,0.20632,40.985,90
4.988,0,550,0.11382,0.25,0.11333,0,12.532,8.1281,nan,0.24981,0,12.697,-0.24225,nan,88.261,61.648,49.766,273.15,273.15,89.013,89.465,87.67,0,0,0,0,0,0,0.376,0.14614,0.24759,0.20632,40.976,90
5.016,1,547.6,0.11364,0.25,0.11333,0,12.562,8.9799,nan,0.24981,0,12.683,-0.24225,nan,88.037,61.301,49.76,273.15,273.15,89.499,89.364,87.619,0,0,0,0,0,0,0.37057,0.14407,0.24676,0.20563,40.91,90
5.049,1,542.65,0.11315,0.25,0.11333,0,12.546,8.8926,nan,0.24981,0,12.676,-0.24225,nan,88.398,61.208,49.702,273.15,273.15,89.252,89.495,87.607,0,0,0,0,0,0,0.37001,0.14988,0.24504,0.2042,40.735,90
5.077,1,538.45,0.11301,0.25,0.11333,0,12.55,8.7073,nan,0.24981,0,12.678,-0.24225,nan,88.185,61.076,49.823,273.15,273.15,89.293,89.93,87.603,0,0,0,0,0,0,0.36592,0.16642,0.24357,0.20297,40.684,90
5.107,1,533.95,0.11294,0.25,0.11333,0,12.528,9.1929,nan,0.24981,0,12.687,-0.24225,nan,88.053,61.177,49.608,273.15,273.15,88.885,89.577,87.624,0,0,0,0,0,0,0.37103,0.15243,0.24199,0.20166,40.659,90
5.138,1,529.3,0.11302,0.25,0.11333,0,12.55,8.1831,nan,0.24981,0,12.726,-0.24225,nan,88.168,61.778,50.067,273.15,273.15,89.095,89.234,87.645,0,0,0,0,0,0,0.3733,0.13749,0.24036,0.2003,40.686,90
5.167,1,524.95,0.11274,0.25,0.11333,0,12.537,9.5702,nan,0.24981,0,12.687,-0.24225,nan,87.949,61.426,49.815,273.15,273.15,89.14,89.732,87.562,0,0,0,0,0,0,0.37169,0.1607,0.23882,0.19902,40.585,90
5.196,1,520.6,0.11239,0.25,0.11333,0,12.53,9.6964,nan,0.24981,0,12.701,-0.24225,nan,88.014,61.241,49.63,273.15,273.15,89.17,89.357,87.561,0,0,0,0,0,0,0.37169,0.14619,0.23728,0.19773,40.462,90
5.224,1,516.4,0.11207,0.25,0.11333,0,12.53,10.072,nan,0.24981,0,12.678,-0.24225,nan,88.115,61.12,49.858,273.15,273.15,88.996,89.429,87.537,0,0,0,0,0,0,0.36607,0.15005,0.23579,0.19649,40.347,90
5.252,1,512.2,0.1119,0.25,0.11333,0,12.516,10.539,nan,0.24981,0,12.706,-0.24225,nan,87.868,60.907,49.514,273.15,273.15,88.935,89.324,87.603,0,0,0,0,0,0,0.36819,0.14312,0.23429,0.19524,40.284,90
5.278,1,508.3,0.11213,0.25,0.11333,0,12.553,9.461,nan,0.24981,0,12.694,-0.24225,nan,88,61.766,49.955,273.15,273.15,88.798,89.437,87.576,0,0,0,0,0,0,0.37487,0.1488,0.23289,0.19408,40.368,90
5.308,1,503.8,0.11173,0.25,0.11333,0,12.512,10.166,nan,0.24981,0,12.694,-0.24225,nan,87.863,61.296,49.832,273.15,273.15,88.815,89.111,87.575,0,0,0,0,0,0,0.36933,0.13522,0.23127,0.19273,40.224,90
5.337,1,499.45,0.11177,0.25,0.11333,0,12.516,10.063,nan,0.24981,0,12.715,-0.24225,nan,87.905,61.771,49.854,273.15,273.15,88.756,89.519,87.459,0,0,0,0,0,0,0.37656,0.15653,0.2297,0.19142,40.239,90
5.367,1,494.95,0.11144,0.25,0.11333,0,12.525,10.293,nan,0.24981,0,12.687,-0.24225,nan,87.814,61.458,50.011,273.15,273.15,88.991,89.532,87.395,0,0,0,0,0,0,0.36906,0.15946,0.22807,0.19006,40.117,90
5.396,1,490.6,0.11113,0.25,0.11333,0,12.534,10.915,nan,0.24981,0,12.687,-0.24225,nan,88.138,61.604,49.855,273.15,273.15,88.773,89.299,87.489,0,0,0,0,0,0,0.37389,0.14673,0.22649,0.18874,40.007,90
5.425,1,486.25,0.11073,0.25,0.11321,0,12.541,11.027,nan,0.24981,0,12.703,-0.24225,nan,87.98,61.095,49.937,273.15,273.15,88.738,89.34,87.468,0,0,0,0,0,0,0.36437,0.14924,0.22491,0.18742,39.864,90
12.692,-0.24225,nan,87.853,61.14,49.839,273.15,273.15,89.096,89.315,87.443,0,0,0,0,0,0,0.3667,0.14924,0.22331,0.18609,39.823,90
5.481,1,477.85,0.11029,0.25,0.11311,0.015259,12.553,11.565,nan,0.24981,0,12.706,-0.24225,nan,87.923,60.953,49.604,273.15,273.15,88.418,89.145,87.478,0,0,0,0,0,0,0.36748,0.14081,0.22182,0.18485,39.704,90
5.511,1,473.35,0.11,0.25,0.11272,0.045776,12.493,10.707,nan,0.24981,0,12.687,-0.24225,nan,88.026,60.911,49.422,273.15,273.15,88.903,89.434,87.528,0,0,0,0,0,0,0.36975,0.15062,0.22016,0.18347,39.6,90
5.538,1,469.3,0.10903,0.25,0.11161,0.015259,12.541,10.953,nan,0.24981,0,12.701,-0.24225,nan,88.258,59.584,48.65,273.15,273.15,89.005,89.38,87.849,0,0,0,0,0,0,0.36069,0.13498,0.21866,0.18222,39.252,90
5.568,1,464.8,0.10869,0.25,0.111,0.015259,12.491,9.7614,nan,0.24981,0,12.701,-0.24225,nan,88.516,59.559,48.125,273.15,273.15,89.319,89.732,88.021,0,0,0,0,0,0,0.36885,0.14268,0.21699,0.18083,39.129,90
5.597,1,460.45,0.10805,0.25,0.11024,0.015259,12.528,10.045,nan,0.24981,0,12.671,-0.24225,nan,88.781,58.845,47.633,273.15,273.15,89.522,89.903,88.228,0,0,0,0,0,0,0.36525,0.14116,0.21537,0.17947,38.897,90
5.627,1,455.95,0.10793,0.25,0.10965,0.030518,12.512,8.8498,nan,0.24981,0,12.687,-0.24225,nan,88.383,58.644,47.397,273.15,273.15,89.335,90.036,88.28,0,0,0,0,0,0,0.36582,0.14451,0.21368,0.17807,38.854,90
5.658,1,451.3,0.10726,0.25,0.10879,0.015259,12.557,9.0053,nan,0.24981,0,12.701,-0.24225,nan,88.513,57.71,46.673,273.15,273.15,89.735,90.05,88.254,0,0,0,0,0,0,0.3624,0.14618,0.21193,0.17661,38.614,90
5.686,1,447.1,0.10701,0.25,0.10877,0.015259,12.489,11.111,nan,0.24981,0,12.69,-0.24225,nan,88.488,57.535,46.85,273.15,273.15,89.445,90.098,88.16,0,0,0,0,0,0,0.35656,0.15186,0.21035,0.17529,38.523,90
5.716,1,442.6,0.10664,0.25,0.10842,0.015259,12.493,10.671,nan,0.24981,0,12.706,-0.24225,nan,88.357,56.988,46.115,273.15,273.15,89.181,89.771,88.168,0,0,0,0,0,0,0.3597,0.1381,0.20864,0.17387,38.389,90
5.746,1,438.1,0.10607,0.25,0.10803,0.015259,12.523,9.5184,nan,0.24981,0,12.678,-0.24225,nan,88.529,56.214,45.839,273.15,273.15,89.667,89.932,88.165,0,0,0,0,0,0,0.35135,0.14499,0.20693,0.17244,38.184,90
5.78,1,433,0.10548,0.25,0.10726,0.015259,12.518,10.045,nan,0.24981,0,12.669,-0.24225,nan,88.826,55.518,45.202,273.15,273.15,89.674,90.188,88.192,0,0,0,0,0,0,0.35036,0.15412,0.20498,0.17082,37.971,90
5.808,1,428.8,0.10518,0.25,0.10636,0.045776,12.528,8.9264,nan,0.24981,0,12.701,-0.24225,nan,89.064,55.448,44.776,273.15,273.15,89.892,89.932,88.349,0,0,0,0,0,0,0.35634,0.13722,0.20337,0.16948,37.865,90
5.84,1,424,0.10478,0.25,0.10601,0,12.514,10.282,nan,0.24981,0,12.69,-0.24225,nan,88.966,54.801,44.524,273.15,273.15,89.838,90.251,88.658,0,0,0,0,0,0,0.34969,0.13768,0.20152,0.16793,37.721,90
5.867,1,419.95,0.10454,0.25,0.10588,0,12.539,10.707,nan,0.24981,0,12.701,-0.24225,nan,88.985,54.65,44.488,273.15,273.15,89.788,90.417,88.638,0,0,0,0,0,0,0.34773,0.1455,0.19996,0.16663,37.636,90
5.898,1,415.3,0.10439,0.25,0.10576,0,12.502,10.953,nan,0.24981,0,12.683,-0.24225,nan,88.9,54.708,44.154,273.15,273.15,90.02,90.369,88.527,0,0,0,0,0,0,0.35437,0.14803,0.19815,0.16513,37.579,90
5.927,1,410.95,0.10395,0.25,0.10538,0.015259,12.5,10.581,nan,0.24981,0,12.692,-0.24225,nan,89.016,54.085,44.072,273.15,273.15,89.978,90.081,88.441,0,0,0,0,0,0,0.34516,0.1397,0.19646,0.16371,37.423,90
5.958,1,406.3,0.10336,0.25,0.10441,0.030518,12.514,8.7572,nan,0.24981,0,12.687,-0.24225,nan,89.061,52.881,42.919,273.15,273.15,89.933,90.142,88.535,0,0,0,0,0,0,0.34429,0.13829,0.19464,0.1622,37.211,90
5.986,1,402.1,0.10314,0.25,0.10395,0.015259,12.544,9.9903,nan,0.24981,0,12.685,-0.24225,nan,89.03,52.715,42.687,273.15,273.15,90.082,90.378,88.826,0,0,0,0,0,0,0.34543,0.13589,0.19299,0.16082,37.13,90
6.016,1,397.6,0.10276,0.25,0.10361,0.015259,12.512,10.097,nan,0.24981,0,12.685,-0.24225,nan,89.276,52.342,42.328,273.15,273.15,90.544,90.612,88.947,0,0,0,0,0,0,0.34518,0.14077,0.19121,0.15934,36.995,90
6.047,1,392.95,0.10244,0.25,0.10314,0.015259,12.539,9.8964,nan,0.24981,0,12.742,-0.24225,nan,89.606,52.251,42.1,273.15,273.15,90.271,90.601,89.007,0,0,0,0,0,0,0.34754,0.13773,0.18937,0.15781,36.88,90
6.077,1,388.45,0.10208,0.25,0.10295,0,12.528,10.725,nan,0.24981,0,12.692,-0.24225,nan,89.44,51.486,41.777,273.15,273.15,90.403,90.637,88.998,0,0,0,0,0,0,0.33988,0.13967,0.18758,0.15632,36.75,90
6.107,1,383.95,0.10191,0.25,0.10283,0,12.516,11.104,nan,0.24981,0,12.678,-0.24225,nan,89.404,51.526,41.532,273.15,273.15,90.204,90.557,88.955,0,0,0,0,0,0,0.34483,0.1381,0.18578,0.15482,36.688,90
6.14,1,379,0.10166,0.25,0.10283,0,12.507,11.523,nan,0.24981,0,12.692,-0.24225,nan,89.335,51.331,41.885,273.15,273.15,89.734,90.367,88.724,0,0,0,0,0,0,0.33527,0.13986,0.1838,0.15316,36.598,90
6.167,1,374.95,0.10145,0.25,0.10259,0,12.528,10.966,nan,0.24981,0,12.694,-0.24225,nan,89.354,51.22,41.43,273.15,273.15,90.076,90.297,88.765,0,0,0,0,0,0,0.34129,0.13501,0.18217,0.15181,36.522,90
6.199,1,370.15,0.10109,0.25,0.10233,0.015259,12.512,11.333,nan,0.24981,0,12.685,-0.24225,nan,89.406,50.669,41.065,273.15,273.15,90.372,90.462,88.914,0,0,0,0,0,0,0.33805,0.13575,0.18023,0.15019,36.392,90
6.227,1,365.95,0.10081,0.25,0.10136,0.030518,12.523,8.6284,nan,0.24981,0,12.71,-0.24225,nan,89.391,50.26,40.829,273.15,273.15,90.185,90.812,89.059,0,0,0,0,0,0,0.335,0.14441,0.17852,0.14877,36.291,90
6.258,1,361.3,0.1005,0.25,0.10112,0,12.521,10.808,nan,0.24981,0,12.697,-0.24225,nan,89.649,50.083,40.218,273.15,273.15,90.505,90.846,89.324,0,0,0,0,0,0,0.34261,0.13458,0.17663,0.14719,36.18,90
6.287,1,356.95,0.10012,0.25,0.101,0,12.5,11.146,nan,0.24981,0,12.697,-0.24225,nan,89.955,49.543,40.36,273.15,273.15,90.703,91.132,89.462,0,0,0,0,0,0,0.33056,0.14097,0.17485,0.14571,36.042,90
6.32,1,352,0.099803,0.25,0.10064,0,12.525,10.105,nan,0.24981,0,12.697,-0.24225,nan,89.568,49.214,39.948,273.15,273.15,90.939,91.231,89.338,0,0,0,0,0,0,0.33205,0.15006,0.17281,0.14401,35.929,90
6.349,1,347.65,0.098952,0.25,0.10031,0.015259,12.514,10.994,nan,0.24981,0,12.703,-0.24225,nan,89.686,48.523,39.734,273.15,273.15,90.431,91.002,89.321,0,0,0,0,0,0,0.3234,0.14142,0.17102,0.14251,35.623,90
6.378,1,343.3,0.098046,0.25,0.09918,0.045776,12.514,10.127,nan,0.24981,0,12.683,-0.24225,nan,89.928,47.8,38.744,273.15,273.15,90.817,91.108,89.467,0,0,0,0,0,0,0.32826,0.13974,0.16922,0.14101,35.296,90
6.41,1,338.5,0.096797,0.25,0.097832,0.045776,12.539,11.02,nan,0.24981,0,12.681,-0.24225,nan,90.402,46.598,37.764,273.15,273.15,91.219,91.382,89.959,0,0,0,0,0,0,0.32421,0.13013,0.16722,0.13935,34.847,90
6.44,1,334,0.095951,0.25,0.097013,0.045776,12.598,9.785,nan,0.24981,0,12.681,-0.24225,nan,90.82,46.085,37.137,273.15,273.15,91.441,92.105,90.297,0,0,0,0,0,0,0.3263,0.14667,0.16534,0.13778,34.542,90
6.47,1,329.5,0.094584,0.25,0.09569,0.061035,12.546,8.8414,nan,0.24981,0,12.697,-0.24225,nan,91.182,44.168,35.942,273.15,273.15,92.086,92.311,90.69,0,0,0,0,0,0,0.31285,0.13887,0.16345,0.13621,34.05,90
6.498,1,325.3,0.093557,0.25,0.094805,0.015259,12.53,11.181,nan,0.24981,0,12.681,-0.24225,nan,91.533,42.867,34.862,273.15,273.15,92.336,92.93,90.972,0,0,0,0,0,0,0.30861,0.15261,0.16168,0.13473,33.681,90
6.527,1,320.95,0.093316,0.25,0.094517,0.030518,12.502,9.7605,nan,0.24981,0,12.71,-0.24225,nan,91.167,42.957,35.017,273.15,273.15,92.291,92.49,90.787,0,0,0,0,0,0,0.30737,0.14233,0.15984,0.1332,33.594,90
6.558,1,316.3,0.09248,0.25,0.093527,0.030518,12.537,10.186,nan,0.24981,0,12.678,-0.24225,nan,91.176,41.867,33.907,273.15,273.15,91.858,92.125,90.519,0,0,0,0,0,0,0.30774,0.13823,0.15787,0.13155,33.293,90
6.587,1,311.95,0.091872,0.25,0.093113,0.015259,12.489,10.713,nan,0.24981,0,12.674,-0.24225,nan,91.265,41.383,33.471,273.15,273.15,91.647,92.291,90.467,0,0,0,0,0,0,0.30684,0.14732,0.15601,0.13001,33.074,90
6.616,1,307.6,0.091327,0.25,0.092228,0.045776,12.518,10.907,nan,0.24981,0,12.687,-0.24225,nan,91.097,40.812,32.85,273.15,273.15,91.983,92.133,90.648,0,0,0,0,0,0,0.30779,0.13292,0.15415,0.12846,32.878,90
6.649,1,302.65,0.090535,0.25,0.091846,0,12.537,10.629,nan,0.24981,0,12.703,-0.24225,nan,91.195,39.907,32.345,273.15,273.15,92.204,92.7,90.93,0,0,0,0,0,0,0.29995,0.14512,0.15202,0.12668,32.593,90
6.68,1,298,0.09001,0.25,0.091627,0.015259,12.516,11.369,nan,0.24981,0,12.69,-0.24225,nan,91.299,39.725,32.273,273.15,273.15,92.277,92.711,90.987,0,0,0,0,0,0,0.29778,0.14325,0.15001,0.12501,32.404,90
6.707,1,293.95,0.089334,0.25,0.090706,0.061035,12.516,8.5304,nan,0.24981,0,12.646,-0.24225,nan,91.678,39.135,31.693,273.15,273.15,92.237,92.475,91.003,0,0,0,0,0,0,0.29757,0.13237,0.14825,0.12354,32.16,90
6.737,1,289.45,0.08834,0.25,0.089771,0,12.528,10.432,nan,0.24981,0,12.703,-0.24225,nan,91.824,37.298,30.516,273.15,273.15,92.763,93.059,91.462,0,0,0,0,0,0,0.28407,0.13786,0.14629,0.12191,31.803,90
6.77,1,284.5,0.087879,0.25,0.089388,0.030518,12.498,10.783,nan,0.24981,0,12.669,-0.24225,nan,92.098,37.548,30.351,273.15,273.15,93.119,93.154,91.476,0,0,0,0,0,0,0.29263,0.14134,0.14413,0.12011,31.636,90
6.797,1,280.45,0.087174,0.25,0.088405,0.045776,12.555,11.954,nan,0.24981,0,12.665,-0.24225,nan,92.4,36.619,29.637,273.15,273.15,92.859,93.189,91.6,0,0,0,0,0,0,0.28825,0.1375,0.14235,0.11862,31.383,90
5,93.029,93.434,91.708,0,0,0,0,0,0,0.27951,0.14331,0.14049,0.11708,31.163,90
6.856,1,271.6,0.085821,0.25,0.086469,0.015259,12.507,10.187,nan,0.24981,0,12.692,-0.24225,nan,92.581,34.64,28.017,273.15,273.15,93.306,93.465,91.999,0,0,0,0,0,0,0.28072,0.13205,0.13843,0.11536,30.896,90
6.889,1,266.65,0.085187,0.25,0.086178,0.015259,12.5,11.346,nan,0.24981,0,12.692,-0.24225,nan,92.633,33.909,27.833,273.15,273.15,93.464,93.687,92.122,0,0,0,0,0,0,0.26888,0.13648,0.13623,0.11353,30.667,90
6.916,1,262.6,0.084819,0.25,0.085308,0.045776,12.498,8.4543,nan,0.24981,0,12.715,-0.24225,nan,92.509,33.78,27.409,273.15,273.15,93.382,93.9,91.992,0,0,0,0,0,0,0.27533,0.1507,0.13442,0.11202,30.535,90
6.948,1,257.8,0.084084,0.25,0.084678,0.015259,12.537,9.5139,nan,0.24981,0,12.662,-0.24225,nan,92.708,32.64,26.553,273.15,273.15,93.374,93.568,92.17,0,0,0,0,0,0,0.26912,0.12895,0.13227,0.11022,30.27,90
6.976,1,253.6,0.083579,0.25,0.083875,0.030518,12.512,10.756,nan,0.24981,0,12.692,-0.24225,nan,92.772,32.118,26.152,273.15,273.15,93.494,93.865,92.193,0,0,0,0,0,0,0.26644,0.14104,0.13037,0.10865,30.088,90
7.005,2,250,0.083067,0.25,0.083423,0,12.528,10.052,nan,0.24981,0,12.703,-0.24225,nan,93.122,31.572,25.515,273.15,273.15,93.743,94.084,92.389,0,0,0,0,0,0,0.26847,0.142,0.12875,0.10729,29.904,90
7.039,2,250,0.083157,0.25,0.083301,0,12.489,10.213,nan,0.24981,0,12.69,-0.24225,nan,92.664,31.549,25.713,273.15,273.15,93.492,93.895,92.143,0,0,0,0,0,0,0.26351,0.14436,0.12875,0.10729,29.937,90
7.067,2,250,0.083097,0.25,0.083179,0,12.502,10.391,nan,0.24981,0,12.662,-0.24225,nan,92.6,31.194,25.678,273.15,273.15,93.313,93.728,92.054,0,0,0,0,0,0,0.25618,0.14113,0.12875,0.10729,29.915,90
7.096,2,250,0.083142,0.25,0.083179,0,12.528,10.371,nan,0.24981,0,12.674,-0.24225,nan,92.524,31.334,25.584,273.15,273.15,93.44,93.823,91.929,0,0,0,0,0,0,0.26157,0.15012,0.12875,0.10729,29.931,90
7.128,2,250,0.083147,0.25,0.083179,0,12.505,10.711,nan,0.24981,0,12.674,-0.24225,nan,92.362,31.196,25.511,273.15,273.15,93.258,93.389,91.871,0,0,0,0,0,0,0.26009,0.13441,0.12875,0.10729,29.933,90
7.158,2,250,0.083156,0.25,0.083179,0,12.5,10.76,nan,0.24981,0,12.692,-0.24225,nan,92.396,31.276,25.492,273.15,273.15,93.23,93.884,91.925,0,0,0,0,0,0,0.26233,0.15268,0.12875,0.10729,29.936,90
7.186,2,250,0.083148,0.25,0.083139,0.015259,12.534,10.044,nan,0.24981,0,12.697,-0.24225,nan,92.608,31.445,25.514,273.15,273.15,93.388,93.685,92.063,0,0,0,0,0,0,0.26566,0.13896,0.12875,0.10729,29.933,90
7.216,2,250,0.083062,0.25,0.083057,0,12.505,10.402,nan,0.24981,0,12.692,-0.24225,nan,92.949,31.377,25.523,273.15,273.15,93.526,93.832,92.227,0,0,0,0,0,0,0.26391,0.13823,0.12875,0.10729,29.902,90
7.247,2,250,0.083041,0.25,0.082874,0.015259,12.53,9.8591,nan,0.24981,0,12.676,-0.24225,nan,92.993,31.317,25.333,273.15,273.15,93.596,94.246,92.322,0,0,0,0,0,0,0.26683,0.15134,0.12875,0.10729,29.895,90
7.276,2,250,0.082911,0.25,0.082435,0.030518,12.546,8.8469,nan,0.24981,0,12.706,-0.24225,nan,93.117,30.807,25.188,273.15,273.15,93.823,94.213,92.412,0,0,0,0,0,0,0.25858,0.14637,0.12875,0.10729,29.848,90
7.307,2,250,0.082834,0.25,0.082081,0,12.53,8.8485,nan,0.24981,0,12.662,-0.24225,nan,93.331,30.64,24.669,273.15,273.15,93.802,94.458,92.677,0,0,0,0,0,0,0.26654,0.14559,0.12875,0.10729,29.82,90
7.34,2,250,0.082736,0.25,0.081836,0,12.537,9.1189,nan,0.24981,0,12.726,-0.24225,nan,93.386,30.202,24.545,273.15,273.15,94.245,94.545,92.731,0,0,0,0,0,0,0.25946,0.1469,0.12875,0.10729,29.785,90
7.367,2,250,0.082865,0.25,0.081714,0,12.521,9.0687,nan,0.24981,0,12.671,-0.24225,nan,93.16,30.618,24.617,273.15,273.15,93.806,94.356,92.639,0,0,0,0,0,0,0.26723,0.14294,0.12875,0.10729,29.831,90
7.394,2,250,0.08273,0.25,0.081714,0,12.53,9.6544,nan,0.24981,0,12.685,-0.24225,nan,93.101,29.887,24.497,273.15,273.15,93.602,94.422,92.583,0,0,0,0,0,0,0.25324,0.14791,0.12875,0.10729,29.783,90
7.423,2,250,0.082705,0.25,0.081592,0,12.534,9.432,nan,0.24981,0,12.697,-0.24225,nan,93.145,29.804,24.452,273.15,273.15,93.938,94.32,92.497,0,0,0,0,0,0,0.25236,0.14726,0.12875,0.10729,29.774,90
7.454,2,250,0.082815,0.25,0.081592,0,12.532,8.7825,nan,0.24981,0,12.701,-0.24225,nan,93.01,30.224,24.488,273.15,273.15,93.732,94.087,92.461,0,0,0,0,0,0,0.26126,0.1391,0.12875,0.10729,29.814,90
7.483,2,250,0.082681,0.25,0.081592,0,12.525,9.8072,nan,0.24981,0,12.669,-0.24225,nan,93.322,29.861,24.468,273.15,273.15,93.693,94.326,92.435,0,0,0,0,0,0,0.25331,0.15,0.12875,0.10729,29.765,90
7.512,2,250,0.082731,0.25,0.08147,0,12.534,9.0945,nan,0.24981,0,12.685,-0.24225,nan,93.243,30.036,24.414,273.15,273.15,93.827,94.211,92.513,0,0,0,0,0,0,0.25863,0.14212,0.12875,0.10729,29.783,90
92.598,0,0,0,0,0,0,0.25811,0.14014,0.12875,0.10729,29.776,90
7.569,2,250,0.082647,0.25,0.08147,0,12.539,9.2983,nan,0.24981,0,12.694,-0.24225,nan,93.476,29.841,24.345,273.15,273.15,93.788,94.437,92.737,0,0,0,0,0,0,0.25573,0.14223,0.12875,0.10729,29.753,90
7.596,2,250,0.082648,0.25,0.08147,0,12.541,9.3522,nan,0.24981,0,12.71,-0.24225,nan,93.443,29.815,24.31,273.15,273.15,93.67,94.26,92.777,0,0,0,0,0,0,0.25594,0.13282,0.12875,0.10729,29.753,90
7.63,2,250,0.082648,0.25,0.08147,0,12.528,8.9904,nan,0.24981,0,12.719,-0.24225,nan,93.334,29.707,24.403,273.15,273.15,93.882,94.512,92.723,0,0,0,0,0,0,0.25121,0.14591,0.12875,0.10729,29.753,90
7.66,2,250,0.08265,0.25,0.08147,0,12.53,9.1895,nan,0.24981,0,12.69,-0.24225,nan,93.373,29.754,24.469,273.15,273.15,93.963,94.489,92.677,0,0,0,0,0,0,0.25076,0.14684,0.12875,0.10729,29.754,90
7.689,2,250,0.082716,0.25,0.08147,0,12.55,8.6781,nan,0.24981,0,12.683,-0.24225,nan,93.309,30.027,24.367,273.15,273.15,94.063,94.445,92.734,0,0,0,0,0,0,0.25952,0.14267,0.12875,0.10729,29.778,90
7.714,2,250,0.082728,0.25,0.08147,0,12.544,9.1674,nan,0.24981,0,12.694,-0.24225,nan,93.429,30.204,24.356,273.15,273.15,94.07,94.338,92.798,0,0,0,0,0,0,0.26379,0.13538,0.12875,0.10729,29.782,90
7.744,2,250,0.08264,0.25,0.08147,0,12.518,9.6117,nan,0.24981,0,12.692,-0.24225,nan,93.552,29.884,24.425,273.15,273.15,94.006,94.73,92.836,0,0,0,0,0,0,0.25486,0.15015,0.12875,0.10729,29.75,90
7.772,2,250,0.082596,0.25,0.08147,0,12.546,8.9793,nan,0.24981,0,12.701,-0.24225,nan,93.557,29.661,24.41,273.15,273.15,94.123,94.473,92.904,0,0,0,0,0,0,0.24996,0.13662,0.12875,0.10729,29.734,90
7.801,2,250,0.082704,0.25,0.08147,0,12.546,8.3927,nan,0.24981,0,12.697,-0.24225,nan,93.634,30.289,24.433,273.15,273.15,94.165,94.592,92.865,0,0,0,0,0,0,0.26398,0.14337,0.12875,0.10729,29.773,90
7.83,2,250,0.082675,0.25,0.08147,0,12.53,8.9976,nan,0.24981,0,12.708,-0.24225,nan,93.499,30.009,24.412,273.15,273.15,94.301,94.682,92.886,0,0,0,0,0,0,0.25806,0.1462,0.12875,0.10729,29.763,90
7.86,2,250,0.082595,0.25,0.08147,0,12.534,9.319,nan,0.24981,0,12.683,-0.24225,nan,93.762,29.862,24.408,273.15,273.15,94.311,94.321,92.859,0,0,0,0,0,0,0.25474,0.1319,0.12875,0.10729,29.734,90
7.887,2,250,0.082562,0.25,0.08147,0,12.541,8.9704,nan,0.24981,0,12.697,-0.24225,nan,93.716,29.648,24.355,273.15,273.15,94.392,94.33,92.957,0,0,0,0,0,0,0.25096,0.12779,0.12875,0.10729,29.722,90
7.92,2,250,0.082605,0.25,0.08147,0,12.55,8.7745,nan,0.24981,0,12.722,-0.24225,nan,93.713,29.864,24.469,273.15,273.15,94.141,94.841,93.001,0,0,0,0,0,0,0.25336,0.14799,0.12875,0.10729,29.738,90
7.947,2,250,0.08256,0.25,0.08147,0,12.553,8.743,nan,0.24981,0,12.692,-0.24225,nan,93.88,29.803,24.453,273.15,273.15,94.659,94.748,93.067,0,0,0,0,0,0,0.2523,0.14144,0.12875,0.10729,29.722,90
7.977,2,250,0.082608,0.25,0.08147,0,12.537,8.4853,nan,0.24981,0,12.687,-0.24225,nan,93.81,29.975,24.439,273.15,273.15,94.457,94.753,93.153,0,0,0,0,0,0,0.25667,0.13799,0.12875,0.10729,29.739,90
8.006,2,250,0.082675,0.25,0.08147,0,12.557,8.1333,nan,0.24981,0,12.697,-0.24225,nan,93.637,30.144,24.461,273.15,273.15,94.4,94.769,93.107,0,0,0,0,0,0,0.26005,0.14061,0.12875,0.10729,29.763,90
8.036,2,250,0.082614,0.25,0.08147,0,12.53,8.7102,nan,0.24981,0,12.687,-0.24225,nan,93.921,30.12,24.454,273.15,273.15,94.272,94.595,93.117,0,0,0,0,0,0,0.25964,0.1326,0.12875,0.10729,29.741,90
8.064,2,250,0.08262,0.25,0.08147,0,12.53,8.8306,nan,0.24981,0,12.687,-0.24225,nan,93.814,30.043,24.394,273.15,273.15,94.458,94.693,93.087,0,0,0,0,0,0,0.25925,0.13824,0.12875,0.10729,29.743,90
8.092,2,250,0.082617,0.25,0.08147,0,12.537,8.7353,nan,0.24981,0,12.717,-0.24225,nan,93.978,30.19,24.384,273.15,273.15,94.608,94.682,93.129,0,0,0,0,0,0,0.26284,0.13594,0.12875,0.10729,29.742,90
8.12,2,250,0.082662,0.25,0.08147,0,12.555,8.4481,nan,0.24981,0,12.71,-0.24225,nan,93.719,30.161,24.503,273.15,273.15,94.314,94.61,93.133,0,0,0,0,0,0,0.25947,0.13254,0.12875,0.10729,29.758,90
8.149,2,250,0.082591,0.25,0.08147,0,12.523,8.9012,nan,0.24981,0,12.683,-0.24225,nan,94.03,30.111,24.511,273.15,273.15,94.539,94.77,93.2,0,0,0,0,0,0,0.25814,0.13669,0.12875,0.10729,29.733,90
8.176,2,250,0.082579,0.25,0.08147,0,12.532,8.5867,nan,0.24981,0,12.699,-0.24225,nan,93.987,30.005,24.462,273.15,273.15,94.696,95.075,93.303,0,0,0,0,0,0,0.25682,0.14521,0.12875,0.10729,29.728,90
8.236,2,250,0.082605,0.25,0.08147,0,12.539,8.5081,nan,0.24981,0,12.708,-0.24225,nan,94.032,30.185,24.477,273.15,273.15,94.522,94.848,93.328,0,0,0,0,0,0,0.26061,0.13449,0.12875,0.10729,29.738,90
8.267,2,250,0.082628,0.25,0.08147,0,12.546,8.22,nan,0.24981,0,12.703,-0.24225,nan,93.848,30.12,24.459,273.15,273.15,94.703,94.848,93.368,0,0,0,0,0,0,0.25954,0.13271,0.12875,0.10729,29.746,90
8.296,2,250,0.082584,0.25,0.08147,0,12.532,8.7378,nan,0.24981,0,12.692,-0.24225,nan,93.883,29.926,24.406,273.15,273.15,94.781,94.749,93.393,0,0,0,0,0,0,0.25628,0.12703,0.12875,0.10729,29.73,90
8.324,2,250,0.082589,0.25,0.08147,0,12.569,8.1067,nan,0.24981,0,12.701,-0.24225,nan,93.995,30.064,24.519,273.15,273.15,94.796,94.932,93.421,0,0,0,0,0,0,0.25685,0.13407,0.12875,0.10729,29.732,90
8.354,2,250,0.082618,0.25,0.08147,0,12.53,8.1411,nan,0.24981,0,12.706,-0.24225,nan,93.941,30.162,24.573,273.15,273.15,94.78,94.707,93.423,0,0,0,0,0,0,0.25787,0.12358,0.12875,0.10729,29.743,90
8.385,2,250,0.0825,0.25,0.08147,0,12.537,8.8741,nan,0.24981,0,12.676,-0.24225,nan,94.204,29.817,24.532,273.15,273.15,94.581,95.127,93.443,0,0,0,0,0,0,0.25078,0.14156,0.12875,0.10729,29.7,90
8.416,2,250,0.082605,0.25,0.08147,0,12.55,7.8114,nan,0.24981,0,12.697,-0.24225,nan,94.072,30.222,24.509,273.15,273.15,94.703,94.842,93.461,0,0,0,0,0,0,0.26074,0.12819,0.12875,0.10729,29.738,90
8.446,2,250,0.08259,0.25,0.08147,0,12.548,8.0715,nan,0.24981,0,12.724,-0.24225,nan,94.092,30.17,24.556,273.15,273.15,94.745,95.374,93.514,0,0,0,0,0,0,0.25845,0.14879,0.12875,0.10729,29.733,90
8.476,2,250,0.082648,0.25,0.08147,0,12.541,7.6296,nan,0.24981,0,12.687,-0.24225,nan,94.19,30.562,24.646,273.15,273.15,94.964,95.306,93.47,0,0,0,0,0,0,0.26531,0.1478,0.12875,0.10729,29.753,90
8.505,2,250,0.082535,0.25,0.08147,0,12.539,8.9067,nan,0.24981,0,12.685,-0.24225,nan,94.107,29.9,24.589,273.15,273.15,94.636,95.048,93.606,0,0,0,0,0,0,0.25138,0.131,0.12875,0.10729,29.713,90
8.535,2,250,0.082562,0.25,0.08147,0,12.555,7.9486,nan,0.24981,0,12.685,-0.24225,nan,94.37,30.303,24.521,273.15,273.15,94.562,95.338,93.613,0,0,0,0,0,0,0.26229,0.14325,0.12875,0.10729,29.722,90
8.568,2,250,0.08258,0.25,0.08147,0,12.534,8.0021,nan,0.24981,0,12.692,-0.24225,nan,94.357,30.383,24.544,273.15,273.15,95.016,94.986,93.646,0,0,0,0,0,0,0.26358,0.12626,0.12875,0.10729,29.729,90
8.596,2,250,0.082555,0.25,0.08147,0,12.555,8.0098,nan,0.24981,0,12.685,-0.24225,nan,94.26,30.155,24.499,273.15,273.15,94.975,95.335,93.67,0,0,0,0,0,0,0.25941,0.14076,0.12875,0.10729,29.72,90
8.626,2,250,0.082526,0.25,0.08147,0,12.528,8.1372,nan,0.24981,0,12.687,-0.24225,nan,94.495,30.242,24.5,273.15,273.15,94.93,95.361,93.722,0,0,0,0,0,0,0.26139,0.13965,0.12875,0.10729,29.709,90
8.662,2,250,0.082538,0.25,0.08147,0,12.575,7.8008,nan,0.24981,0,12.701,-0.24225,nan,94.488,30.295,24.511,273.15,273.15,94.984,95.115,93.753,0,0,0,0,0,0,0.26232,0.12726,0.12875,0.10729,29.714,90
8.688,2,250,0.082486,0.25,0.08147,0,12.539,8.0624,nan,0.24981,0,12.683,-0.24225,nan,94.5,30.04,24.625,273.15,273.15,95.066,95.211,93.722,0,0,0,0,0,0,0.25383,0.13312,0.12875,0.10729,29.695,90
8.715,2,250,0.082514,0.25,0.08147,0,12.56,7.9367,nan,0.24981,0,12.703,-0.24225,nan,94.436,30.119,24.625,273.15,273.15,95.226,95.231,93.728,0,0,0,0,0,0,0.25567,0.13371,0.12875,0.10729,29.705,90
8.746,2,250,0.082596,0.25,0.08147,0,12.557,7.3174,nan,0.24981,0,12.703,-0.24225,nan,94.225,30.331,24.56,273.15,273.15,95.214,95.505,93.78,0,0,0,0,0,0,0.26205,0.14328,0.12875,0.10729,29.735,90
8.774,2,250,0.082526,0.25,0.08147,0,12.523,7.9642,nan,0.24981,0,12.726,-0.24225,nan,94.488,30.234,24.582,273.15,273.15,95.11,95.328,93.78,0,0,0,0,0,0,0.25934,0.13573,0.12875,0.10729,29.709,90
8.805,2,250,0.082572,0.25,0.08147,0,12.544,7.6378,nan,0.24981,0,12.699,-0.24225,nan,94.204,30.188,24.586,273.15,273.15,95.179,95.267,93.859,0,0,0,0,0,0,0.25818,0.12944,0.12875,0.10729,29.726,90
8.834,2,250,0.082541,0.25,0.08147,0,12.562,7.6393,nan,0.24981,0,12.685,-0.24225,nan,94.473,30.299,24.621,273.15,273.15,95.081,95.381,93.91,0,0,0,0,0,0,0.25991,0.13231,0.12875,0.10729,29.715,90
8.864,2,250,0.082463,0.17076,0.08147,0,12.548,8.2499,nan,0.24981,0,12.687,-0.24225,nan,94.646,30.068,24.637,273.15,273.15,95.464,95.123,93.939,0,0,0,0,0,0,0.25422,0.1187,0.12875,0.10729,29.687,61.474
8.894,2,250,0.082445,0.25,0.08147,0,12.564,7.5456,nan,0.24981,0,12.694,-0.24225,nan,94.642,29.969,24.696,273.15,273.15,95.276,95.435,93.977,0,0,0,0,0,0,0.25048,0.1317,0.12875,0.10729,29.68,90
8.922,2,250,0.082459,0.25,0.08147,0,12.553,7.6621,nan,0.24981,0,12.722,-0.24225,nan,94.757,30.155,24.703,273.15,273.15,94.946,95.356,93.911,0,0,0,0,0,0,0.25471,0.13111,0.12875,0.10729,29.685,90
12.724,-0.24225,nan,94.598,30.076,24.634,273.15,273.15,95.118,95.332,94.009,0,0,0,0,0,0,0.25448,0.12543,0.12875,0.10729,29.691,90
8.982,2,250,0.082566,0.25,0.08147,0,12.573,6.9455,nan,0.24981,0,12.678,-0.24225,nan,94.541,30.496,24.573,273.15,273.15,95.434,95.404,94.091,0,0,0,0,0,0,0.26548,0.12499,0.12875,0.10729,29.724,90
9.008,2,250,0.082516,0.25,0.08147,0,12.546,7.5475,nan,0.24981,0,12.71,-0.24225,nan,94.504,30.197,24.56,273.15,273.15,95.416,95.727,94.127,0,0,0,0,0,0,0.259,0.13799,0.12875,0.10729,29.706,90
9.036,2,250,0.082569,0.25,0.08147,0,12.562,7.0381,nan,0.24981,0,12.699,-0.24225,nan,94.551,30.518,24.659,273.15,273.15,95.247,95.711,94.022,0,0,0,0,0,0,0.26404,0.14174,0.12875,0.10729,29.725,90
9.065,2,250,0.082507,0.25,0.08147,0,12.539,7.6391,nan,0.24981,0,12.703,-0.24225,nan,94.598,30.246,24.592,273.15,273.15,95.064,95.439,94.065,0,0,0,0,0,0,0.25937,0.12786,0.12875,0.10729,29.702,90
9.098,2,250,0.082497,0.25,0.08147,0,12.534,7.6283,nan,0.24981,0,12.692,-0.24225,nan,94.839,30.434,24.673,273.15,273.15,95.402,95.609,94.046,0,0,0,0,0,0,0.26182,0.13637,0.12875,0.10729,29.699,90
9.126,2,250,0.082444,0.25,0.08147,0,12.578,7.5427,nan,0.24981,0,12.687,-0.24225,nan,94.59,29.911,24.658,273.15,273.15,95.428,95.407,94.105,0,0,0,0,0,0,0.25002,0.12445,0.12875,0.10729,29.68,90
9.155,2,250,0.082523,0.25,0.08147,0,12.566,6.954,nan,0.24981,0,12.692,-0.24225,nan,94.753,30.485,24.743,273.15,273.15,95.444,95.456,94.118,0,0,0,0,0,0,0.26139,0.12618,0.12875,0.10729,29.708,90
9.185,2,250,0.082419,0.25,0.08147,0,12.564,7.9287,nan,0.24981,0,12.692,-0.24225,nan,94.766,29.956,24.716,273.15,273.15,95.503,95.566,94.172,0,0,0,0,0,0,0.24969,0.1288,0.12875,0.10729,29.671,90
9.215,2,250,0.082517,0.25,0.08147,0,12.566,6.7035,nan,0.24981,0,12.687,-0.24225,nan,94.846,30.547,24.685,273.15,273.15,95.679,95.774,94.285,0,0,0,0,0,0,0.2641,0.13309,0.12875,0.10729,29.706,90
9.245,2,250,0.082499,0.25,0.08147,0,12.544,7.699,nan,0.24981,0,12.703,-0.24225,nan,94.828,30.434,24.646,273.15,273.15,95.551,95.788,94.336,0,0,0,0,0,0,0.26244,0.13142,0.12875,0.10729,29.7,90
9.273,2,250,0.082453,0.25,0.08147,0,12.557,7.4258,nan,0.24981,0,12.685,-0.24225,nan,95.017,30.385,24.64,273.15,273.15,95.479,95.67,94.295,0,0,0,0,0,0,0.26147,0.12788,0.12875,0.10729,29.683,90
9.302,2,250,0.082475,0.25,0.08147,0,12.555,7.3471,nan,0.24981,0,12.708,-0.24225,nan,94.967,30.452,24.614,273.15,273.15,95.706,95.74,94.31,0,0,0,0,0,0,0.26356,0.13045,0.12875,0.10729,29.691,90
9.328,2,250,0.082438,0.25,0.08147,0,12.553,7.3958,nan,0.24981,0,12.706,-0.24225,nan,94.871,30.161,24.656,273.15,273.15,95.552,95.97,94.315,0,0,0,0,0,0,0.25594,0.14031,0.12875,0.10729,29.678,90
9.358,2,250,0.0825,0.25,0.08147,0,12.553,6.8002,nan,0.24981,0,12.758,-0.24225,nan,95.033,30.645,24.673,273.15,273.15,95.291,95.909,94.351,0,0,0,0,0,0,0.26656,0.13617,0.12875,0.10729,29.7,90
9.387,2,250,0.082489,0.25,0.08147,0,12.541,7.1353,nan,0.24981,0,12.724,-0.24225,nan,94.94,30.493,24.662,273.15,273.15,95.306,95.705,94.363,0,0,0,0,0,0,0.26341,0.12634,0.12875,0.10729,29.696,90
9.415,2,250,0.082481,0.25,0.08147,0,12.573,7.1277,nan,0.24981,0,12.71,-0.24225,nan,95.029,30.542,24.651,273.15,273.15,95.727,96.031,94.418,0,0,0,0,0,0,0.26475,0.13854,0.12875,0.10729,29.693,90
9.448,2,250,0.082474,0.25,0.08147,0,12.544,6.978,nan,0.24981,0,12.694,-0.24225,nan,95.047,30.526,24.745,273.15,273.15,95.603,95.685,94.475,0,0,0,0,0,0,0.26227,0.12003,0.12875,0.10729,29.691,90
9.474,2,250,0.082417,0.25,0.08147,0,12.562,7.219,nan,0.24981,0,12.69,-0.24225,nan,95.192,30.373,24.771,273.15,273.15,95.68,95.891,94.459,0,0,0,0,0,0,0.25818,0.13055,0.12875,0.10729,29.67,90
9.503,2,250,0.082445,0.25,0.08147,0,12.566,6.8439,nan,0.24981,0,12.701,-0.24225,nan,95.257,30.583,24.747,273.15,273.15,95.843,96.034,94.462,0,0,0,0,0,0,0.26351,0.13678,0.12875,0.10729,29.68,90
9.533,2,250,0.082343,0.16663,0.08147,0,12.548,7.9135,nan,0.24981,0,12.66,-0.24225,nan,95.234,30.024,24.698,273.15,273.15,95.799,95.409,94.487,0,0,0,0,0,0,0.25174,0.10475,0.12875,0.10729,29.643,59.985
9.567,2,250,0.082347,0.25,0.08147,0,12.569,7.1791,nan,0.24981,0,12.722,-0.24225,nan,95.378,30.189,24.686,273.15,273.15,95.872,95.946,94.517,0,0,0,0,0,0,0.25589,0.1304,0.12875,0.10729,29.645,90
9.595,2,250,0.08234,0.21194,0.08147,0,12.566,7.0063,nan,0.24981,0,12.71,-0.24225,nan,95.304,30.08,24.687,273.15,273.15,96.076,95.947,94.637,0,0,0,0,0,0,0.25333,0.12482,0.12875,0.10729,29.642,76.298

9.655,2,250,0.082438,0.25,0.08147,0,12.564,6.5181,nan,0.24981,0,12.687,-0.24225,nan,95.25,30.54,24.701,273.15,273.15,95.64,95.953,94.683,0,0,0,0,0,0,0.2636,0.12289,0.12875,0.10729,29.678,90
9.685,2,250,0.082391,0.19107,0.08147,0,12.55,6.971,nan,0.24981,0,12.71,-0.24225,nan,95.367,30.412,24.782,273.15,273.15,96.01,95.817,94.603,0,0,0,0,0,0,0.25882,0.12022,0.12875,0.10729,29.661,68.785
9.714,2,250,0.082362,0.25,0.08147,0,12.578,7.035,nan,0.24981,0,12.681,-0.24225,nan,95.409,30.302,24.732,273.15,273.15,95.979,95.953,94.64,0,0,0,0,0,0,0.25743,0.12501,0.12875,0.10729,29.65,90
9.749,2,250,0.082399,0.16435,0.08147,0,12.564,6.7146,nan,0.24981,0,12.708,-0.24225,nan,95.237,30.322,24.664,273.15,273.15,96.172,95.749,94.669,0,0,0,0,0,0,0.25948,0.11338,0.12875,0.10729,29.664,59.166
9.778,2,250,0.082371,0.25,0.08147,0,12.562,6.7901,nan,0.24981,0,12.71,-0.24225,nan,95.508,30.449,24.736,273.15,273.15,96.176,96.146,94.753,0,0,0,0,0,0,0.26072,0.12871,0.12875,0.10729,29.654,90
9.805,2,250,0.082336,0.25,0.08147,0,12.562,7.1025,nan,0.24981,0,12.681,-0.24225,nan,95.563,30.315,24.758,273.15,273.15,96.064,96.153,94.787,0,0,0,0,0,0,0.25714,0.12748,0.12875,0.10729,29.641,90
9.839,2,250,0.082464,0.25,0.08147,0,12.573,6.167,nan,0.24981,0,12.687,-0.24225,nan,95.34,30.767,24.641,273.15,273.15,95.838,96.363,94.86,0,0,0,0,0,0,0.27001,0.13373,0.12875,0.10729,29.687,90
9.866,2,250,0.082354,0.17875,0.08147,0,12.569,7.1429,nan,0.24981,0,12.687,-0.24225,nan,95.573,30.425,24.812,273.15,273.15,96.246,95.978,94.806,0,0,0,0,0,0,0.25844,0.11811,0.12875,0.10729,29.648,64.351
9.896,2,250,0.082402,0.25,0.08147,0,12.573,6.5145,nan,0.24981,0,12.692,-0.24225,nan,95.482,30.581,24.834,273.15,273.15,96.046,96.101,94.816,0,0,0,0,0,0,0.2615,0.12367,0.12875,0.10729,29.665,90
9.927,2,250,0.08235,0.25,0.08147,0,12.546,6.9969,nan,0.24981,0,12.706,-0.24225,nan,95.575,30.403,24.588,273.15,273.15,96.157,96.117,94.898,0,0,0,0,0,0,0.26305,0.12045,0.12875,0.10729,29.646,90
9.955,2,250,0.082302,0.25,0.08147,0,12.562,6.8655,nan,0.24981,0,12.669,-0.24225,nan,95.735,30.308,24.722,273.15,273.15,96.359,96.361,94.946,0,0,0,0,0,0,0.25782,0.12977,0.12875,0.10729,29.629,90
9.984,2,250,0.082306,0.25,0.08147,0,12.571,6.9465,nan,0.24981,0,12.676,-0.24225,nan,95.569,30.163,24.774,273.15,273.15,96.053,96.316,94.934,0,0,0,0,0,0,0.25321,0.12825,0.12875,0.10729,29.63,90
10.013,2,250,0.082363,0.25,0.08147,0,12.56,6.2677,nan,0.24981,0,12.683,-0.24225,nan,95.551,30.45,24.761,273.15,273.15,95.922,96.225,94.903,0,0,0,0,0,0,0.26019,0.12539,0.12875,0.10729,29.651,90
10.043,2,250,0.082271,0.25,0.08147,0,12.562,7.0534,nan,0.24981,0,12.692,-0.24225,nan,95.846,30.254,24.746,273.15,273.15,96.241,96.436,94.948,0,0,0,0,0,0,0.25599,0.13309,0.12875,0.10729,29.617,90
10.072,2,250,0.082302,0.25,0.08147,0,12.585,6.701,nan,0.24981,0,12.694,-0.24225,nan,95.851,30.428,24.642,273.15,273.15,95.884,96.47,95.034,0,0,0,0,0,0,0.26239,0.13074,0.12875,0.10729,29.629,90
10.103,2,250,0.082322,0.25,0.08147,0,12.58,6.3195,nan,0.24981,0,12.701,-0.24225,nan,95.853,30.533,24.814,273.15,273.15,95.904,96.518,95.028,0,0,0,0,0,0,0.26087,0.13314,0.12875,0.10729,29.636,90
10.132,2,250,0.082381,0.25,0.08147,0,12.566,6.1821,nan,0.24981,0,12.692,-0.24225,nan,95.587,30.576,24.8,273.15,273.15,96.473,96.385,95.064,0,0,0,0,0,0,0.26216,0.12538,0.12875,0.10729,29.657,90
10.163,2,250,0.082322,0.25,0.08147,0,12.562,6.7242,nan,0.24981,0,12.708,-0.24225,nan,95.907,30.587,24.802,273.15,273.15,96.261,96.556,95.108,0,0,0,0,0,0,0.26235,0.13127,0.12875,0.10729,29.636,90
10.191,2,250,0.082388,0.25,0.08147,0,12.578,6.2026,nan,0.24981,0,12.706,-0.24225,nan,95.612,30.639,24.814,273.15,273.15,96.211,96.658,95.082,0,0,0,0,0,0,0.26328,0.13697,0.12875,0.10729,29.66,90
10.221,2,250,0.082281,0.25,0.08147,0,12.557,7.1113,nan,0.24981,0,12.71,-0.24225,nan,95.879,30.34,24.747,273.15,273.15,96.313,96.49,95.118,0,0,0,0,0,0,0.25797,0.12777,0.12875,0.10729,29.621,90
10.251,2,250,0.082304,0.25,0.08147,0,12.575,6.1064,nan,0.24981,0,12.687,-0.24225,nan,95.94,30.524,24.796,273.15,273.15,96.221,96.746,95.183,0,0,0,0,0,0,0.26107,0.13636,0.12875,0.10729,29.629,90
10.281,2,250,0.082328,0.25,0.08147,0,12.534,6.1543,nan,0.24981,0,12.683,-0.24225,nan,95.849,30.561,24.835,273.15,273.15,95.954,96.759,95.231,0,0,0,0,0,0,0.26102,0.13487,0.12875,0.10729,29.638,90
10.312,2,250,0.082353,0.25,0.08147,0,12.562,6.3496,nan,0.24981,0,12.703,-0.24225,nan,96.014,30.86,24.85,273.15,273.15,96.433,96.597,95.271,0,0,0,0,0,0,0.26742,0.12563,0.12875,0.10729,29.647,90
12.713,-0.24225,nan,95.857,30.475,24.791,273.15,273.15,96.053,96.535,95.202,0,0,0,0,0,0,0.26007,0.12597,0.12875,0.10729,29.632,90
10.37,2,250,0.082277,0.25,0.08147,0,12.573,6.3875,nan,0.24981,0,12.713,-0.24225,nan,95.871,30.311,24.833,273.15,273.15,96.075,96.291,95.226,0,0,0,0,0,0,0.25532,0.11259,0.12875,0.10729,29.62,90
10.397,2,250,0.082259,0.25,0.08147,0,12.569,6.3303,nan,0.24981,0,12.71,-0.24225,nan,96.162,30.51,24.84,273.15,273.15,96.338,96.784,95.253,0,0,0,0,0,0,0.25976,0.13497,0.12875,0.10729,29.613,90
10.427,2,250,0.082314,0.25,0.08147,0,12.569,6.1078,nan,0.24981,0,12.692,-0.24225,nan,95.86,30.5,24.784,273.15,273.15,96.237,96.827,95.307,0,0,0,0,0,0,0.2608,0.1345,0.12875,0.10729,29.633,90
10.458,2,250,0.082328,0.25,0.08147,0,12.566,6.3013,nan,0.24981,0,12.701,-0.24225,nan,95.947,30.658,24.804,273.15,273.15,96.518,96.66,95.343,0,0,0,0,0,0,0.26393,0.12521,0.12875,0.10729,29.638,90
10.485,2,250,0.082309,0.25,0.08147,0,12.571,6.1167,nan,0.24981,0,12.701,-0.24225,nan,95.919,30.529,24.772,273.15,273.15,96.459,96.704,95.42,0,0,0,0,0,0,0.26173,0.12361,0.12875,0.10729,29.631,90
10.514,2,250,0.082284,0.25,0.08147,0,12.566,6.1038,nan,0.24981,0,12.692,-0.24225,nan,96.211,30.692,24.823,273.15,273.15,96.498,96.549,95.416,0,0,0,0,0,0,0.26425,0.1161,0.12875,0.10729,29.622,90
10.544,2,250,0.082273,0.25,0.08147,0,12.569,6.3355,nan,0.24981,0,12.692,-0.24225,nan,96.116,30.537,24.794,273.15,273.15,96.703,97.07,95.407,0,0,0,0,0,0,0.2614,0.14066,0.12875,0.10729,29.618,90
10.575,2,250,0.082322,0.25,0.08147,0,12.582,6.1524,nan,0.24981,0,12.708,-0.24225,nan,95.908,30.587,24.718,273.15,273.15,96.593,96.724,95.414,0,0,0,0,0,0,0.26426,0.12488,0.12875,0.10729,29.636,90
10.605,2,250,0.082317,0.25,0.08147,0,12.553,6.1111,nan,0.24981,0,12.715,-0.24225,nan,96.071,30.728,24.855,273.15,273.15,96.476,96.83,95.523,0,0,0,0,0,0,0.26435,0.12469,0.12875,0.10729,29.634,90
10.632,2,250,0.082235,0.25,0.08147,0,12.55,6.3403,nan,0.24981,0,12.685,-0.24225,nan,96.136,30.356,24.87,273.15,273.15,96.425,96.724,95.468,0,0,0,0,0,0,0.25549,0.12227,0.12875,0.10729,29.605,90
10.664,2,250,0.082222,0.25,0.08147,0,12.569,6.206,nan,0.24981,0,12.703,-0.24225,nan,96.296,30.443,24.829,273.15,273.15,96.538,96.931,95.55,0,0,0,0,0,0,0.25846,0.12821,0.12875,0.10729,29.6,90
10.695,2,250,0.082269,0.25,0.08147,0,12.578,5.8329,nan,0.24981,0,12.706,-0.24225,nan,96.34,30.738,24.781,273.15,273.15,96.66,96.847,95.527,0,0,0,0,0,0,0.26623,0.12536,0.12875,0.10729,29.617,90
10.724,2,250,0.082207,0.25,0.08147,0,12.575,6.3491,nan,0.24981,0,12.687,-0.24225,nan,96.369,30.438,24.82,273.15,273.15,96.8,96.719,95.539,0,0,0,0,0,0,0.25853,0.11853,0.12875,0.10729,29.595,90
10.755,2,250,0.082295,0.25,0.08147,0,12.587,5.5383,nan,0.24981,0,12.697,-0.24225,nan,96.087,30.623,24.835,273.15,273.15,96.401,96.865,95.583,0,0,0,0,0,0,0.26242,0.12347,0.12875,0.10729,29.626,90
10.784,2,250,0.08228,0.25,0.08147,0,12.571,6.0975,nan,0.24981,0,12.703,-0.24225,nan,96.03,30.489,24.832,273.15,273.15,96.802,97.127,95.654,0,0,0,0,0,0,0.25945,0.13236,0.12875,0.10729,29.621,90
10.814,2,250,0.082219,0.25,0.08147,0,12.575,6.2953,nan,0.24981,0,12.692,-0.24225,nan,96.289,30.42,24.763,273.15,273.15,96.847,97.112,95.681,0,0,0,0,0,0,0.25946,0.1305,0.12875,0.10729,29.599,90
10.848,2,250,0.082144,0.25,0.08147,0,12.564,6.3406,nan,0.24981,0,12.683,-0.24225,nan,96.426,30.156,24.84,273.15,273.15,96.614,97.12,95.753,0,0,0,0,0,0,0.25149,0.12751,0.12875,0.10729,29.572,90
10.877,2,250,0.082255,0.25,0.08147,0,12.587,5.3748,nan,0.24981,0,12.735,-0.24225,nan,96.47,30.797,24.83,273.15,273.15,97.064,97.135,95.673,0,0,0,0,0,0,0.26646,0.1319,0.12875,0.10729,29.612,90
10.903,2,250,0.082201,0.25,0.08147,0,12.564,6.3351,nan,0.24981,0,12.692,-0.24225,nan,96.542,30.579,24.749,273.15,273.15,97.032,96.958,95.692,0,0,0,0,0,0,0.26339,0.12275,0.12875,0.10729,29.592,90
10.933,2,250,0.08228,0.25,0.08147,0,12.566,5.1953,nan,0.24981,0,12.692,-0.24225,nan,96.42,30.879,24.807,273.15,273.15,97.1,97.369,95.685,0,0,0,0,0,0,0.26878,0.14158,0.12875,0.10729,29.621,90
10.966,2,250,0.082252,0.25,0.08147,0,12.569,5.7314,nan,0.24981,0,12.722,-0.24225,nan,96.374,30.684,24.858,273.15,273.15,96.74,97.247,95.691,0,0,0,0,0,0,0.26328,0.13606,0.12875,0.10729,29.611,90
10.995,2,250,0.08215,0.25,0.08147,0,12.575,6.4026,nan,0.24981,0,12.697,-0.24225,nan,96.397,30.159,24.821,273.15,273.15,97.123,97.137,95.764,0,0,0,0,0,0,0.25201,0.12779,0.12875,0.10729,29.574,90
11.023,2,250,0.082139,0.25,0.08147,0,12.578,5.6891,nan,0.24981,0,12.722,-0.24225,nan,96.427,30.127,24.833,273.15,273.15,97.057,97.181,95.813,0,0,0,0,0,0,0.25099,0.1276,0.12875,0.10729,29.57,90
,12.715,-0.24225,nan,96.427,30.517,24.859,273.15,273.15,96.887,97.076,95.835,0,0,0,0,0,0,0.25946,0.12152,0.12875,0.10729,29.596,90
11.084,2,250,0.082108,0.25,0.08147,0,12.564,6.4172,nan,0.24981,0,12.692,-0.24225,nan,96.627,30.159,24.785,273.15,273.15,96.993,97.302,95.929,0,0,0,0,0,0,0.25288,0.12782,0.12875,0.10729,29.559,90
11.116,2,250,0.08221,0.25,0.08147,0,12.575,4.9967,nan,0.24981,0,12.706,-0.24225,nan,96.536,30.623,24.819,273.15,273.15,96.79,97.497,95.877,0,0,0,0,0,0,0.26279,0.13882,0.12875,0.10729,29.596,90
11.147,2,250,0.082307,0.25,0.08147,0,12.573,5.2147,nan,0.24981,0,12.701,-0.24225,nan,96.269,30.87,24.867,273.15,273.15,97.012,97.189,95.857,0,0,0,0,0,0,0.26725,0.12586,0.12875,0.10729,29.63,90
11.177,2,250,0.082219,0.25,0.08147,0,12.557,6.1922,nan,0.24981,0,12.681,-0.24225,nan,96.493,30.623,24.759,273.15,273.15,96.803,97.22,95.923,0,0,0,0,0,0,0.26415,0.12422,0.12875,0.10729,29.599,90
11.206,2,250,0.082154,0.25,0.08147,0,12.575,6.1551,nan,0.24981,0,12.708,-0.24225,nan,96.655,30.435,24.789,273.15,273.15,97.006,97.221,95.901,0,0,0,0,0,0,0.25921,0.12533,0.12875,0.10729,29.575,90
11.234,2,250,0.082171,0.25,0.08147,0,12.58,5.6171,nan,0.24981,0,12.665,-0.24225,nan,96.672,30.545,24.83,273.15,273.15,97.076,97.299,95.928,0,0,0,0,0,0,0.26076,0.12775,0.12875,0.10729,29.581,90
11.264,2,250,0.082185,0.25,0.08147,0,12.566,5.6968,nan,0.24981,0,12.683,-0.24225,nan,96.476,30.428,24.833,273.15,273.15,97.093,97.336,95.915,0,0,0,0,0,0,0.25804,0.13005,0.12875,0.10729,29.587,90
11.296,2,250,0.082171,0.25,0.08147,0,12.569,5.6563,nan,0.24981,0,12.71,-0.24225,nan,96.65,30.526,24.868,273.15,273.15,96.978,97.325,95.968,0,0,0,0,0,0,0.25948,0.12707,0.12875,0.10729,29.582,90
11.324,2,250,0.082185,0.25,0.08147,0,12.553,5.3721,nan,0.24981,0,12.706,-0.24225,nan,96.686,30.636,24.856,273.15,273.15,97.277,97.701,95.992,0,0,0,0,0,0,0.26223,0.14261,0.12875,0.10729,29.587,90
11.354,2,250,0.082211,0.25,0.08147,0,12.582,5.131,nan,0.24981,0,12.692,-0.24225,nan,96.695,30.787,24.843,273.15,273.15,97.17,97.211,96.001,0,0,0,0,0,0,0.26595,0.12,0.12875,0.10729,29.596,90
11.386,2,250,0.082115,0.25,0.08147,0,12.546,6.1539,nan,0.24981,0,12.706,-0.24225,nan,96.696,30.268,24.723,273.15,273.15,97.267,97.497,96.062,0,0,0,0,0,0,0.25685,0.13065,0.12875,0.10729,29.561,90
11.413,2,250,0.082168,0.25,0.08147,0,12.585,5.2213,nan,0.24981,0,12.681,-0.24225,nan,96.813,30.671,24.815,273.15,273.15,97.26,97.33,96.019,0,0,0,0,0,0,0.26396,0.12488,0.12875,0.10729,29.58,90
11.443,2,250,0.082192,0.25,0.08147,0,12.575,5.4546,nan,0.24981,0,12.685,-0.24225,nan,96.623,30.613,24.988,273.15,273.15,97.222,97.819,96.075,0,0,0,0,0,0,0.25871,0.14405,0.12875,0.10729,29.589,90
11.477,2,250,0.082213,0.25,0.08147,0,12.575,5.2944,nan,0.24981,0,12.674,-0.24225,nan,96.486,30.585,24.826,273.15,273.15,96.976,97.62,96.034,0,0,0,0,0,0,0.26176,0.13737,0.12875,0.10729,29.597,90
11.504,2,250,0.082242,0.25,0.08147,0,12.564,5.5914,nan,0.24981,0,12.687,-0.24225,nan,96.575,30.833,24.951,273.15,273.15,97.062,97.409,96.03,0,0,0,0,0,0,0.26455,0.1281,0.12875,0.10729,29.607,90
11.534,2,250,0.082203,0.25,0.08147,0,12.56,5.5009,nan,0.24981,0,12.701,-0.24225,nan,96.591,30.638,24.837,273.15,273.15,97.319,97.554,96.104,0,0,0,0,0,0,0.26272,0.13135,0.12875,0.10729,29.593,90
11.562,2,250,0.082169,0.25,0.08147,0,12.582,5.5283,nan,0.24981,0,12.671,-0.24225,nan,96.749,30.614,24.803,273.15,273.15,97.198,97.497,96.132,0,0,0,0,0,0,0.26296,0.12748,0.12875,0.10729,29.581,90
11.59,2,250,0.082151,0.25,0.08147,0,12.58,5.3913,nan,0.24981,0,12.697,-0.24225,nan,96.718,30.487,24.838,273.15,273.15,97.302,97.746,96.101,0,0,0,0,0,0,0.25926,0.13988,0.12875,0.10729,29.575,90
11.62,2,250,0.082168,0.25,0.08147,0,12.569,5.6319,nan,0.24981,0,12.681,-0.24225,nan,96.775,30.633,24.859,273.15,273.15,97.234,97.638,96.089,0,0,0,0,0,0,0.26211,0.13575,0.12875,0.10729,29.58,90
11.651,2,250,0.082159,0.25,0.08147,0,12.612,5.2276,nan,0.24981,0,12.715,-0.24225,nan,96.883,30.694,24.868,273.15,273.15,97.396,97.512,96.085,0,0,0,0,0,0,0.26328,0.13033,0.12875,0.10729,29.577,90
11.679,2,250,0.082107,0.25,0.08147,0,12.591,5.521,nan,0.24981,0,12.699,-0.24225,nan,96.95,30.48,24.914,273.15,273.15,97.289,97.537,96.115,0,0,0,0,0,0,0.25735,0.13005,0.12875,0.10729,29.559,90
11.707,2,250,0.08217,0.25,0.08147,0,12.587,5.1409,nan,0.24981,0,12.724,-0.24225,nan,96.806,30.674,24.885,273.15,273.15,97.302,97.372,96.09,0,0,0,0,0,0,0.26245,0.12353,0.12875,0.10729,29.581,90
11.733,2,250,0.08209,0.25,0.08147,0,12.58,5.8235,nan,0.24981,0,12.708,-0.24225,nan,97.045,30.481,24.919,273.15,273.15,97.47,97.455,96.087,0,0,0,0,0,0,0.25725,0.1276,0.12875,0.10729,29.552,90
12.685,-0.24225,nan,96.89,31.019,24.943,273.15,273.15,97.488,97.517,96.173,0,0,0,0,0,0,0.26887,0.12642,0.12875,0.10729,29.599,90
11.793,2,250,0.082176,0.25,0.08147,0,12.566,5.2475,nan,0.24981,0,12.694,-0.24225,nan,96.849,30.754,24.863,273.15,273.15,97.541,97.854,96.195,0,0,0,0,0,0,0.26474,0.14052,0.12875,0.10729,29.584,90
11.822,2,250,0.082261,0.25,0.08147,0,12.578,4.8151,nan,0.24981,0,12.701,-0.24225,nan,96.757,31.112,24.899,273.15,273.15,97.528,97.704,96.164,0,0,0,0,0,0,0.27191,0.13537,0.12875,0.10729,29.614,90
11.853,2,250,0.082179,0.25,0.08147,0,12.573,5.3076,nan,0.24981,0,12.697,-0.24225,nan,96.811,30.73,24.882,273.15,273.15,97.202,97.46,96.206,0,0,0,0,0,0,0.26378,0.12218,0.12875,0.10729,29.585,90
11.885,2,250,0.082167,0.17296,0.08147,0,12.573,5.1965,nan,0.24981,0,12.701,-0.24225,nan,96.649,30.5,24.855,273.15,273.15,97.565,97.246,96.223,0,0,0,0,0,0,0.25916,0.11038,0.12875,0.10729,29.58,62.265
11.914,2,250,0.08223,0.25,0.08147,0,12.605,4.5738,nan,0.24981,0,12.719,-0.24225,nan,96.714,30.903,24.984,273.15,273.15,97.093,97.68,96.198,0,0,0,0,0,0,0.26539,0.1328,0.12875,0.10729,29.603,90
11.946,2,250,0.082163,0.25,0.08147,0,12.569,5.2902,nan,0.24981,0,12.71,-0.24225,nan,96.772,30.601,24.952,273.15,273.15,97.348,97.802,96.188,0,0,0,0,0,0,0.25927,0.13857,0.12875,0.10729,29.579,90
11.976,2,250,0.082093,0.25,0.08147,0,12.575,5.6013,nan,0.24981,0,12.687,-0.24225,nan,96.718,30.169,24.78,273.15,273.15,97.462,97.812,96.281,0,0,0,0,0,0,0.25322,0.13496,0.12875,0.10729,29.553,90
12.004,3,250.6,0.082194,0.25,0.08147,0,12.591,4.5491,nan,0.24981,0,12.706,-0.24225,nan,96.857,30.574,24.805,273.15,273.15,97.414,97.746,96.272,0,0,0,0,0,0,0.26201,0.13243,0.12902,0.10751,29.59,90
12.033,3,254.95,0.082507,0.25,0.08147,0,12.605,4.0432,nan,0.24981,0,12.729,-0.24225,nan,97.02,30.412,24.807,273.15,273.15,97.5,97.643,96.245,0,0,0,0,0,0,0.25826,0.12897,0.13098,0.10915,29.703,90
12.063,3,259.45,0.082963,0.25,0.08147,0,12.596,3.7108,nan,0.24981,0,12.697,-0.24225,nan,96.999,30.766,24.782,273.15,273.15,97.508,97.483,96.227,0,0,0,0,0,0,0.26685,0.12227,0.13301,0.11084,29.867,90
12.093,3,263.95,0.0833,0.25,0.08147,0,12.601,3.2038,nan,0.24981,0,12.683,-0.24225,nan,97.095,30.619,24.945,273.15,273.15,97.332,97.665,96.153,0,0,0,0,0,0,0.25985,0.13413,0.13503,0.11252,29.988,90
12.123,3,268.45,0.083762,0.25,0.081655,0,12.603,2.9671,nan,0.24981,0,12.671,-0.24225,nan,96.88,30.807,24.874,273.15,273.15,97.463,97.798,96.154,0,0,0,0,0,0,0.26571,0.13985,0.13703,0.11419,30.154,90
12.154,3,273.1,0.084046,0.22457,0.081655,0,12.621,2.4462,nan,0.24981,0,12.685,-0.24225,nan,97.034,30.409,24.824,273.15,273.15,97.532,97.407,96.235,0,0,0,0,0,0,0.2578,0.11812,0.1391,0.11592,30.256,80.846
12.184,3,277.6,0.08448,0.25,0.081777,0,12.617,2.4121,nan,0.24981,0,12.685,-0.24225,nan,96.947,30.601,24.892,273.15,273.15,97.581,97.715,96.257,0,0,0,0,0,0,0.26064,0.13171,0.14109,0.11758,30.413,90
12.216,3,282.4,0.084954,0.19387,0.081777,0,12.637,1.8839,nan,0.24981,0,12.685,-0.24225,nan,96.967,30.968,24.923,273.15,273.15,97.798,97.576,96.264,0,0,0,0,0,0,0.26819,0.1249,0.1432,0.11934,30.583,69.792
12.248,3,287.2,0.085328,0.25,0.081777,0,12.626,1.2112,nan,0.24981,0,12.715,-0.24225,nan,97.052,30.92,24.885,273.15,273.15,97.372,97.799,96.26,0,0,0,0,0,0,0.26797,0.13531,0.14531,0.12109,30.718,90
12.277,3,291.55,0.08565,0.25,0.081899,0,12.614,1.3163,nan,0.24981,0,12.703,-0.24225,nan,97.056,30.739,24.846,273.15,273.15,97.629,97.686,96.248,0,0,0,0,0,0,0.26481,0.13082,0.14721,0.12267,30.834,90
12.305,3,295.75,0.085996,0.25,0.082021,0,12.628,1.1759,nan,0.24981,0,12.699,-0.24225,nan,96.852,30.523,24.822,273.15,273.15,97.561,97.819,96.26,0,0,0,0,0,0,0.26045,0.13621,0.14903,0.12419,30.958,90
12.334,3,300.1,0.08639,0.25,0.082287,-0.015259,12.623,0.54812,nan,0.24981,0,12.69,-0.24225,nan,96.981,30.819,24.887,273.15,273.15,97.261,97.753,96.257,0,0,0,0,0,0,0.26567,0.13344,0.15092,0.12576,31.101,90
12.368,3,305.2,0.086777,0.21851,0.082266,0,12.617,0.43668,nan,0.24981,0,12.685,-0.24225,nan,96.871,30.561,24.886,273.15,273.15,97.872,97.708,96.255,0,0,0,0,0,0,0.25987,0.13149,0.15312,0.1276,31.24,78.664
12.397,3,309.55,0.087143,0.25,0.082388,0,12.621,0.49525,nan,0.24981,0,12.694,-0.24225,nan,97.138,30.874,24.794,273.15,273.15,97.155,97.626,96.305,0,0,0,0,0,0,0.26897,0.12536,0.15498,0.12915,31.371,90
12.425,3,313.75,0.087536,0.25,0.08251,0,12.614,-0.17699,nan,0.24981,0,12.699,-0.24225,nan,96.855,30.818,24.915,273.15,273.15,97.546,97.9,96.317,0,0,0,0,0,0,0.26502,0.13723,0.15678,0.13065,31.513,90
12.455,3,318.25,0.087849,0.25,0.083057,-0.015259,12.628,0.39525,nan,0.24981,0,12.683,-0.24225,nan,97.037,30.768,24.966,273.15,273.15,97.482,97.735,96.343,0,0,0,0,0,0,0.26273,0.12874,0.15869,0.13225,31.625,90
12.483,3,322.45,0.088188,0.25,0.08312,0,12.637,-0.93376,nan,0.24981,0,12.674,-0.24225,nan,96.998,30.731,24.944,273.15,273.15,97.605,97.791,96.305,0,0,0,0,0,0,0.2624,0.13297,0.16048,0.13373,31.748,90
12.511,3,326.65,0.088488,0.25,0.083215,-0.015259,12.614,-0.57746,nan,0.24981,0,12.697,-0.24225,nan,97.005,30.573,24.813,273.15,273.15,97.484,97.91,96.32,0,0,0,0,0,0,0.26178,0.13754,0.16225,0.13521,31.856,90
12.542,3,331.3,0.088845,0.25,0.083442,-0.015259,12.621,-0.99922,nan,0.24981,0,12.687,-0.24225,nan,96.98,30.484,24.852,273.15,273.15,97.635,97.648,96.381,0,0,0,0,0,0,0.25887,0.12279,0.16421,0.13684,31.984,90
12.572,3,335.8,0.089278,0.25,0.083608,0,12.596,-1.8242,nan,0.24981,0,12.69,-0.24225,nan,96.941,30.76,24.914,273.15,273.15,97.228,97.853,96.37,0,0,0,0,0,0,0.26373,0.13285,0.16609,0.13841,32.14,90
12.6,3,340,0.089588,0.25,0.083608,0,12.589,-2.4131,nan,0.24981,0,12.699,-0.24225,nan,97.005,30.723,24.87,273.15,273.15,97.269,97.649,96.319,0,0,0,0,0,0,0.2639,0.12579,0.16784,0.13987,32.252,90
12.63,3,344.5,0.089974,0.25,0.084343,-0.076294,12.626,-0.09489,nan,0.24981,0,12.69,-0.24225,nan,96.874,30.716,24.891,273.15,273.15,97.583,97.658,96.278,0,0,0,0,0,0,0.26328,0.12813,0.16971,0.14143,32.391,90
12.661,3,349.15,0.090343,0.25,0.084997,0.030518,12.617,-0.40226,nan,0.24981,0,12.706,-0.24225,nan,96.825,30.673,24.906,273.15,273.15,97.674,97.72,96.246,0,0,0,0,0,0,0.26195,0.1324,0.17164,0.14303,32.523,90
12.691,3,353.65,0.090629,0.25,0.0844,0,12.614,-2.7964,nan,0.24981,0,12.71,-0.24225,nan,97.073,30.65,24.877,273.15,273.15,97.714,97.789,96.289,0,0,0,0,0,0,0.26211,0.13359,0.17349,0.14458,32.626,90
12.722,3,358.3,0.091065,0.25,0.085226,-0.015259,12.626,-1.8817,nan,0.24981,0,12.685,-0.24225,nan,96.943,30.811,24.829,273.15,273.15,97.719,97.784,96.343,0,0,0,0,0,0,0.26679,0.13093,0.1754,0.14617,32.783,90
12.752,3,362.8,0.091371,0.25,0.085317,0,12.601,-3.4139,nan,0.24981,0,12.701,-0.24225,nan,97.069,30.762,24.785,273.15,273.15,97.417,97.848,96.433,0,0,0,0,0,0,0.26668,0.12979,0.17724,0.1477,32.894,90
12.783,3,367.45,0.091706,0.25,0.085317,0,12.582,-3.4796,nan,0.24981,0,12.701,-0.24225,nan,96.721,30.314,24.82,273.15,273.15,97.765,97.751,96.409,0,0,0,0,0,0,0.25569,0.12633,0.17913,0.14928,33.014,90
12.813,3,371.95,0.092144,0.25,0.085317,0,12.589,-4.1965,nan,0.24981,0,12.692,-0.24225,nan,96.77,30.715,24.877,273.15,273.15,97.318,97.854,96.358,0,0,0,0,0,0,0.26354,0.13338,0.18096,0.1508,33.172,90
12.845,3,376.75,0.092513,0.25,0.085439,0,12.589,-4.5996,nan,0.24981,0,12.717,-0.24225,nan,96.91,30.849,24.777,273.15,273.15,97.624,97.835,96.282,0,0,0,0,0,0,0.2688,0.13593,0.18289,0.15241,33.305,90
12.872,3,380.8,0.092714,0.25,0.085439,0,12.582,-4.9491,nan,0.24981,0,12.697,-0.24225,nan,96.965,30.494,24.834,273.15,273.15,97.3,98.044,96.348,0,0,0,0,0,0,0.25953,0.14204,0.18452,0.15377,33.377,90
12.9,3,385,0.093017,0.25,0.085562,0,12.603,-4.6809,nan,0.24981,0,12.706,-0.24225,nan,97.061,30.525,24.914,273.15,273.15,97.357,97.922,96.325,0,0,0,0,0,0,0.25838,0.13783,0.1862,0.15517,33.486,90
12.93,3,389.5,0.093447,0.25,0.085674,-0.015259,12.557,-5.768,nan,0.24981,0,12.687,-0.24225,nan,96.856,30.652,24.795,273.15,273.15,97.787,98.128,96.411,0,0,0,0,0,0,0.26399,0.14297,0.188,0.15666,33.641,90
12.959,3,393.85,0.093703,0.25,0.085943,-0.015259,12.557,-5.9844,nan,0.24981,0,12.701,-0.24225,nan,96.918,30.442,24.899,273.15,273.15,97.467,98.183,96.379,0,0,0,0,0,0,0.25681,0.14648,0.18973,0.1581,33.733,90
12.986,3,397.9,0.09412,0.25,0.085928,0,12.573,-6.1978,nan,0.24981,0,12.708,-0.24225,nan,96.945,30.879,24.773,273.15,273.15,97.552,97.959,96.4,0,0,0,0,0,0,0.26953,0.1362,0.19133,0.15944,33.883,90
13.017,3,402.55,0.094459,0.25,0.086277,-0.015259,12.575,-6.0819,nan,0.24981,0,12.708,-0.24225,nan,96.789,30.684,24.783,273.15,273.15,97.428,97.592,96.358,0,0,0,0,0,0,0.26497,0.12117,0.19316,0.16097,34.005,90
13.047,3,407.05,0.094801,0.25,0.08666,0,12.58,-6.0611,nan,0.24981,0,12.699,-0.24225,nan,96.768,30.682,24.872,273.15,273.15,97.514,97.884,96.3,0,0,0,0,0,0,0.26293,0.13729,0.19493,0.16244,34.128,90
13.076,3,411.4,0.095067,0.25,0.087213,-0.030518,12.601,-6.4116,nan,0.24981,0,12.701,-0.24225,nan,96.878,30.583,24.979,273.15,273.15,97.546,97.786,96.246,0,0,0,0,0,0,0.25823,0.13537,0.19663,0.16386,34.224,90
13.104,3,415.6,0.09526,0.25,0.087637,0,12.553,-5.4646,nan,0.24981,0,12.669,-0.24225,nan,97.101,30.386,24.858,273.15,273.15,97.824,97.819,96.409,0,0,0,0,0,0,0.25647,0.1295,0.19827,0.16522,34.293,90
13.132,3,419.8,0.09572,0.25,0.088125,-0.015259,12.585,-5.6564,nan,0.24981,0,12.697,-0.24225,nan,96.881,30.692,24.873,273.15,273.15,97.762,97.882,96.434,0,0,0,0,0,0,0.26313,0.13123,0.1999,0.16658,34.459,90
13.162,3,424.3,0.095924,0.25,0.088588,-0.015259,12.582,-6.9442,nan,0.24981,0,12.681,-0.24225,nan,97.035,30.407,24.719,273.15,273.15,97.445,97.86,96.422,0,0,0,0,0,0,0.26014,0.13079,0.20164,0.16803,34.533,90
an,0.24981,0,12.692,-0.24225,nan,96.813,30.556,24.782,273.15,273.15,97.615,97.795,96.402,0,0,0,0,0,0,0.26212,0.12878,0.20337,0.16948,34.69,90
13.223,3,433.45,0.096627,0.25,0.089786,-0.030518,12.587,-4.9057,nan,0.24981,0,12.701,-0.24225,nan,96.966,30.456,24.827,273.15,273.15,97.489,98.087,96.331,0,0,0,0,0,0,0.2588,0.14454,0.20515,0.17096,34.786,90
13.255,3,438.25,0.097084,0.25,0.090429,-0.045776,12.564,-6.288,nan,0.24981,0,12.683,-0.24225,nan,96.896,30.753,24.797,273.15,273.15,97.322,97.981,96.365,0,0,0,0,0,0,0.26621,0.13869,0.20699,0.17249,34.95,90
13.282,3,442.3,0.097183,0.25,0.091186,-0.030518,12.589,-5.1255,nan,0.24981,0,12.717,-0.24225,nan,96.965,30.167,24.805,273.15,273.15,97.527,97.769,96.32,0,0,0,0,0,0,0.25259,0.13133,0.20853,0.17377,34.986,90
13.312,3,446.8,0.097521,0.25,0.091543,0,12.566,-5.4417,nan,0.24981,0,12.692,-0.24225,nan,97.06,30.312,24.845,273.15,273.15,97.789,98.133,96.371,0,0,0,0,0,0,0.25504,0.14477,0.21023,0.1752,35.108,90
13.345,3,451.75,0.098003,0.25,0.092039,-0.015259,12.569,-5.935,nan,0.24981,0,12.715,-0.24225,nan,97.021,30.691,24.837,273.15,273.15,97.796,98.005,96.384,0,0,0,0,0,0,0.26392,0.13886,0.2121,0.17675,35.281,90
13.372,3,455.8,0.098217,0.25,0.092506,-0.030518,12.585,-5.8843,nan,0.24981,0,12.697,-0.24225,nan,96.987,30.41,24.88,273.15,273.15,97.749,97.911,96.365,0,0,0,0,0,0,0.25652,0.13562,0.21363,0.17802,35.358,90
13.402,3,460.3,0.09861,0.25,0.093134,-0.015259,12.582,-5.6076,nan,0.24981,0,12.697,-0.24225,nan,97.063,30.721,24.873,273.15,273.15,97.629,98.067,96.36,0,0,0,0,0,0,0.26381,0.14253,0.21531,0.17943,35.5,90
13.432,3,464.8,0.098793,0.25,0.093975,-0.030518,12.589,-3.5485,nan,0.24981,0,12.708,-0.24225,nan,97.074,30.291,24.797,273.15,273.15,97.432,97.889,96.42,0,0,0,0,0,0,0.25567,0.13222,0.21699,0.18083,35.565,90
13.463,3,469.45,0.099152,0.25,0.094229,0,12.566,-5.7255,nan,0.24981,0,12.694,-0.24225,nan,97.174,30.491,24.809,273.15,273.15,97.428,97.932,96.382,0,0,0,0,0,0,0.26,0.1358,0.21872,0.18227,35.695,90
13.492,3,473.8,0.099533,0.25,0.094599,-0.015259,12.571,-6.1669,nan,0.24981,0,12.697,-0.24225,nan,97.117,30.674,24.838,273.15,273.15,97.575,98.019,96.327,0,0,0,0,0,0,0.2635,0.14187,0.22033,0.18361,35.832,90
13.521,3,478.15,0.099878,0.25,0.09544,-0.030518,12.58,-4.8596,nan,0.24981,0,12.678,-0.24225,nan,96.997,30.678,24.762,273.15,273.15,97.546,97.84,96.345,0,0,0,0,0,0,0.26532,0.13339,0.22193,0.18495,35.956,90
13.552,3,482.8,0.10007,0.25,0.095938,0,12.571,-5.3792,nan,0.24981,0,12.699,-0.24225,nan,97.03,30.614,24.756,273.15,273.15,97.913,98.199,96.382,0,0,0,0,0,0,0.26402,0.14705,0.22364,0.18637,36.027,90
13.582,3,487.3,0.10016,0.25,0.096239,-0.015259,12.55,-4.4769,nan,0.24981,0,12.706,-0.24225,nan,97.018,30.227,24.842,273.15,273.15,97.498,98.226,96.392,0,0,0,0,0,0,0.25312,0.14772,0.22529,0.18774,36.057,90
13.614,3,492.1,0.10035,0.25,0.096548,0,12.539,-5.7782,nan,0.24981,0,12.71,-0.24225,nan,97.094,30.668,24.904,273.15,273.15,97.377,97.789,96.337,0,0,0,0,0,0,0.26188,0.13143,0.22704,0.1892,36.127,90
13.642,3,496.3,0.10051,0.25,0.096792,0,12.56,-6.6679,nan,0.24981,0,12.678,-0.24225,nan,96.918,30.722,24.944,273.15,273.15,97.669,97.701,96.368,0,0,0,0,0,0,0.26221,0.12593,0.22856,0.19047,36.183,90
13.67,3,500.5,0.10063,0.25,0.096914,0,12.555,-6.3709,nan,0.24981,0,12.708,-0.24225,nan,96.958,30.705,24.869,273.15,273.15,97.36,97.711,96.406,0,0,0,0,0,0,0.26352,0.12462,0.23008,0.19174,36.225,90
13.699,3,504.85,0.10073,0.25,0.096914,0,12.548,-7.7336,nan,0.24981,0,12.692,-0.24225,nan,96.981,30.574,24.816,273.15,273.15,97.694,97.96,96.373,0,0,0,0,0,0,0.26176,0.13745,0.23165,0.19304,36.264,90
13.728,3,509.2,0.10088,0.25,0.097036,0,12.569,-7.4655,nan,0.24981,0,12.699,-0.24225,nan,96.952,30.649,24.779,273.15,273.15,97.401,97.855,96.377,0,0,0,0,0,0,0.26428,0.13265,0.23321,0.19434,36.315,90
13.76,3,514,0.101,0.25,0.097036,0,12.555,-7.6615,nan,0.24981,0,12.678,-0.24225,nan,96.934,30.525,24.852,273.15,273.15,97.628,98.059,96.327,0,0,0,0,0,0,0.25981,0.14355,0.23493,0.19578,36.361,90
13.791,3,518.65,0.10109,0.25,0.097158,0,12.555,-7.5276,nan,0.24981,0,12.692,-0.24225,nan,97.136,30.375,24.839,273.15,273.15,97.323,97.889,96.383,0,0,0,0,0,0,0.25665,0.13384,0.23659,0.19716,36.391,90
13.821,3,523.15,0.10127,0.25,0.09728,0,12.555,-8.1876,nan,0.24981,0,12.692,-0.24225,nan,97.019,30.609,24.881,273.15,273.15,97.441,98.055,96.291,0,0,0,0,0,0,0.26108,0.14488,0.23818,0.19849,36.457,90
13.853,3,527.95,0.10134,0.25,0.09728,0,12.555,-7.8804,nan,0.24981,0,12.69,-0.24225,nan,97.054,30.197,24.799,273.15,273.15,97.727,97.839,96.343,0,0,0,0,0,0,0.25344,0.13339,0.23988,0.1999,36.483,90
13.881,3,532.15,0.10161,0.25,0.09728,0,12.58,-8.9023,nan,0.24981,0,12.692,-0.24225,nan,96.799,30.893,24.784,273.15,273.15,97.619,97.976,96.333,0,0,0,0,0,0,0.26961,0.13982,0.24136,0.20113,36.578,90
13.913,3,536.95,0.10164,0.25,0.09728,0,12.537,-8.652,nan,0.24981,0,12.687,-0.24225,nan,96.991,30.43,24.836,273.15,273.15,97.552,97.663,96.337,0,0,0,0,0,0,0.25799,0.12558,0.24304,0.20254,36.592,90
13.942,3,541.3,0.10181,0.25,0.09728,0,12.534,-7.9707,nan,0.24981,0,12.69,-0.24225,nan,96.855,30.541,24.771,273.15,273.15,97.597,97.889,96.334,0,0,0,0,0,0,0.26202,0.13603,0.24456,0.2038,36.65,90
13.969,3,545.35,0.10191,0.25,0.097402,0,12.532,-9.2173,nan,0.24981,0,12.708,-0.24225,nan,96.869,30.455,24.797,273.15,273.15,97.494,97.772,96.245,0,0,0,0,0,0,0.25948,0.13478,0.24597,0.20498,36.687,90
13.998,3,549.7,0.10206,0.25,0.097402,0,12.518,-9.8081,nan,0.24981,0,12.69,-0.24225,nan,96.746,30.505,24.789,273.15,273.15,97.646,97.736,96.252,0,0,0,0,0,0,0.26081,0.13289,0.24748,0.20624,36.741,90
14.027,4,550,0.10211,0.25,0.097524,0,12.534,-9.3801,nan,0.24981,0,12.701,-0.24225,nan,96.824,30.844,24.849,273.15,273.15,97.303,97.832,96.273,0,0,0,0,0,0,0.26707,0.13621,0.24759,0.20632,36.758,90
14.055,4,550,0.10199,0.25,0.097646,0,12.525,-8.3998,nan,0.24981,0,12.713,-0.24225,nan,96.855,30.128,24.86,273.15,273.15,97.443,98.128,96.265,0,0,0,0,0,0,0.25036,0.14888,0.24759,0.20632,36.717,90
14.081,4,550,0.10205,0.25,0.097646,0,12.521,-9.4136,nan,0.24981,0,12.685,-0.24225,nan,96.962,30.6,24.856,273.15,273.15,97.557,98.066,96.269,0,0,0,0,0,0,0.26144,0.1462,0.24759,0.20632,36.737,90
14.114,4,550,0.10207,0.25,0.097769,0,12.534,-9.2044,nan,0.24981,0,12.681,-0.24225,nan,96.832,30.64,24.884,273.15,273.15,97.639,97.758,96.226,0,0,0,0,0,0,0.26169,0.13502,0.24759,0.20632,36.747,90
14.143,4,550,0.10206,0.25,0.097769,0,12.534,-9.2784,nan,0.24981,0,12.692,-0.24225,nan,96.647,30.333,24.751,273.15,273.15,97.569,97.942,96.266,0,0,0,0,0,0,0.25771,0.14122,0.24759,0.20632,36.74,90
14.172,4,550,0.10204,0.25,0.097769,0,12.532,-9.4006,nan,0.24981,0,12.694,-0.24225,nan,96.704,30.273,24.741,273.15,273.15,97.503,97.693,96.158,0,0,0,0,0,0,0.25657,0.13513,0.24759,0.20632,36.733,90
14.199,4,550,0.10204,0.25,0.097769,0,12.537,-9.5515,nan,0.24981,0,12.703,-0.24225,nan,96.805,30.362,24.672,273.15,273.15,97.465,97.836,96.133,0,0,0,0,0,0,0.26021,0.14233,0.24759,0.20632,36.733,90
14.228,4,550,0.10205,0.25,0.097769,0,12.539,-9.9074,nan,0.24981,0,12.681,-0.24225,nan,96.773,30.419,24.818,273.15,273.15,97.27,97.48,96.098,0,0,0,0,0,0,0.25816,0.12823,0.24759,0.20632,36.738,90
14.258,4,550,0.10198,0.25,0.097769,0,12.532,-9.7504,nan,0.24981,0,12.701,-0.24225,nan,97.022,30.216,24.782,273.15,273.15,97.299,97.901,96.165,0,0,0,0,0,0,0.25428,0.14373,0.24759,0.20632,36.713,90
14.285,4,550,0.10206,0.25,0.097769,0,12.512,-10.594,nan,0.24981,0,12.678,-0.24225,nan,97.01,30.726,24.769,273.15,273.15,97.455,97.943,96.147,0,0,0,0,0,0,0.26625,0.1462,0.24759,0.20632,36.742,90
14.313,4,550,0.10206,0.25,0.097769,0,12.516,-10.271,nan,0.24981,0,12.683,-0.24225,nan,96.831,30.534,24.831,273.15,273.15,97.562,97.956,96.173,0,0,0,0,0,0,0.26051,0.14563,0.24759,0.20632,36.741,90
14.342,4,550,0.10201,0.25,0.097891,0,12.523,-9.8607,nan,0.24981,0,12.694,-0.24225,nan,96.906,30.308,24.815,273.15,273.15,97.701,97.723,96.178,0,0,0,0,0,0,0.25565,0.1356,0.24759,0.20632,36.724,90
14.37,4,550,0.10201,0.25,0.097891,0,12.516,-10.252,nan,0.24981,0,12.687,-0.24225,nan,96.864,30.233,24.78,273.15,273.15,97.317,97.453,96.137,0,0,0,0,0,0,0.25472,0.12511,0.24759,0.20632,36.722,90
14.401,4,550,0.10202,0.25,0.097891,0,12.5,-10.462,nan,0.24981,0,12.674,-0.24225,nan,96.738,30.225,24.838,273.15,273.15,97.412,97.91,96.042,0,0,0,0,0,0,0.25318,0.14909,0.24759,0.20632,36.729,90
14.432,4,550,0.10213,0.25,0.097891,0,12.507,-10.672,nan,0.24981,0,12.701,-0.24225,nan,96.507,30.669,24.828,273.15,273.15,97.239,97.588,96.026,0,0,0,0,0,0,0.26362,0.13634,0.24759,0.20632,36.766,90
14.459,4,550,0.1021,0.25,0.098013,0,12.518,-10.535,nan,0.24981,0,12.71,-0.24225,nan,96.65,30.606,24.891,273.15,273.15,97.183,97.574,95.939,0,0,0,0,0,0,0.26076,0.13945,0.24759,0.20632,36.755,90
14.488,4,550,0.10208,0.25,0.098135,0,12.532,-10.064,nan,0.24981,0,12.703,-0.24225,nan,96.602,30.473,24.886,273.15,273.15,97.36,97.458,95.886,0,0,0,0,0,0,0.25783,0.13677,0.24759,0.20632,36.75,90
14.518,4,550,0.1021,0.25,0.098257,0,12.502,-10.986,nan,0.24981,0,12.669,-0.24225,nan,96.603,30.608,24.933,273.15,273.15,96.937,97.505,95.896,0,0,0,0,0,0,0.25986,0.13833,0.24759,0.20632,36.758,90
14.548,4,550,0.10216,0.25,0.098465,-0.015259,12.525,-9.9858,nan,0.24981,0,12.69,-0.24225,nan,96.353,30.708,25.181,273.15,273.15,97.362,97.783,95.875,0,0,0,0,0,0,0.25646,0.15069,0.24759,0.20632,36.777,90
.24981,0,12.694,-0.24225,nan,96.289,30.865,25.305,273.15,273.15,97.16,97.317,95.738,0,0,0,0,0,0,0.25722,0.13706,0.24759,0.20632,36.79,90
14.605,4,550,0.10227,0.25,0.099054,-0.045776,12.544,-10.026,nan,0.24981,0,12.674,-0.24225,nan,96.151,31.236,25.54,273.15,273.15,97.037,97.302,95.644,0,0,0,0,0,0,0.26034,0.14046,0.24759,0.20632,36.818,90
14.631,4,550,0.10231,0.25,0.099233,0,12.537,-10.326,nan,0.24981,0,12.692,-0.24225,nan,96.257,31.582,25.709,273.15,273.15,96.839,96.974,95.491,0,0,0,0,0,0,0.26434,0.13284,0.24759,0.20632,36.832,90
14.661,4,550,0.10234,0.25,0.09943,-0.015259,12.528,-10.714,nan,0.24981,0,12.69,-0.24225,nan,96.159,31.646,25.717,273.15,273.15,96.394,97.208,95.495,0,0,0,0,0,0,0.26562,0.1428,0.24759,0.20632,36.841,90
14.69,4,550,0.10237,0.25,0.099621,-0.015259,12.537,-9.6906,nan,0.24981,0,12.674,-0.24225,nan,95.972,31.644,25.889,273.15,273.15,96.191,97.198,95.561,0,0,0,0,0,0,0.26168,0.13958,0.24759,0.20632,36.852,90
14.72,4,550,0.10242,0.25,0.099722,0,12.534,-10.725,nan,0.24981,0,12.658,-0.24225,nan,96.245,32.269,26.139,273.15,273.15,96.847,96.918,95.52,0,0,0,0,0,0,0.27006,0.12897,0.24759,0.20632,36.872,90
14.756,4,550,0.10236,0.25,0.099722,0,12.534,-10.258,nan,0.24981,0,12.697,-0.24225,nan,96.467,32.077,25.959,273.15,273.15,96.828,97.49,95.668,0,0,0,0,0,0,0.2698,0.14722,0.24759,0.20632,36.848,90
14.783,4,550,0.10243,0.25,0.099722,0,12.514,-11.116,nan,0.24981,0,12.66,-0.24225,nan,96.258,32.334,26.18,273.15,273.15,97.134,97.484,95.669,0,0,0,0,0,0,0.2706,0.14696,0.24759,0.20632,36.875,90
14.811,4,550,0.1024,0.25,0.099844,0,12.505,-10.563,nan,0.24981,0,12.687,-0.24225,nan,96.382,32.23,26.271,273.15,273.15,97.008,97.156,95.615,0,0,0,0,0,0,0.26627,0.13541,0.24759,0.20632,36.862,90
14.842,4,550,0.10244,0.25,0.099844,0,12.512,-11.06,nan,0.24981,0,12.717,-0.24225,nan,95.958,32.07,26.213,273.15,273.15,96.443,97.4,95.584,0,0,0,0,0,0,0.26399,0.14699,0.24759,0.20632,36.878,90
14.869,4,550,0.10235,0.25,0.099844,0,12.525,-10.099,nan,0.24981,0,12.694,-0.24225,nan,96.263,31.815,26.15,273.15,273.15,96.735,97.365,95.525,0,0,0,0,0,0,0.25962,0.14793,0.24759,0.20632,36.845,90
14.899,4,550,0.10242,0.25,0.099966,0,12.473,-11.113,nan,0.24981,0,12.715,-0.24225,nan,96.178,32.182,26.34,273.15,273.15,96.635,96.871,95.504,0,0,0,0,0,0,0.26366,0.12756,0.24759,0.20632,36.871,90
14.929,4,550,0.10248,0.25,0.10015,-0.015259,12.514,-10.421,nan,0.24981,0,12.687,-0.24225,nan,96.209,32.556,26.437,273.15,273.15,96.542,97.011,95.452,0,0,0,0,0,0,0.26982,0.13619,0.24759,0.20632,36.891,90
14.96,4,550,0.10251,0.25,0.10021,0,12.489,-10.674,nan,0.24981,0,12.685,-0.24225,nan,95.9,32.467,26.566,273.15,273.15,96.615,96.882,95.297,0,0,0,0,0,0,0.265,0.13731,0.24759,0.20632,36.904,90
14.99,4,550,0.10259,0.25,0.10033,0,12.512,-11.504,nan,0.24981,0,12.69,-0.24225,nan,95.71,32.738,26.545,273.15,273.15,96.381,96.905,95.347,0,0,0,0,0,0,0.27146,0.13615,0.24759,0.20632,36.932,90
15.021,4,550,0.1026,0.25,0.10045,0,12.525,-11.118,nan,0.24981,0,12.681,-0.24225,nan,95.759,32.88,26.606,273.15,273.15,96.6,96.631,95.342,0,0,0,0,0,0,0.27323,0.12383,0.24759,0.20632,36.937,90
15.051,4,550,0.1026,0.25,0.10082,0,12.525,-10.101,nan,0.24981,0,12.658,-0.24225,nan,95.798,32.884,26.796,273.15,273.15,96.789,96.848,95.326,0,0,0,0,0,0,0.26915,0.13457,0.24759,0.20632,36.935,90
15.081,4,550,0.10267,0.25,0.10094,0,12.53,-10.005,nan,0.24981,0,12.671,-0.24225,nan,95.711,33.259,27.129,273.15,273.15,96.454,96.856,95.141,0,0,0,0,0,0,0.27006,0.14286,0.24759,0.20632,36.963,90
15.109,4,550,0.10271,0.25,0.10123,-0.015259,12.509,-9.2316,nan,0.24981,0,12.687,-0.24225,nan,95.695,33.432,27.212,273.15,273.15,96.468,96.423,95,0,0,0,0,0,0,0.27205,0.13014,0.24759,0.20632,36.974,90
15.14,4,550,0.10268,0.25,0.10143,0,12.523,-10.053,nan,0.24981,0,12.687,-0.24225,nan,95.874,33.483,27.384,273.15,273.15,96.234,96.515,94.923,0,0,0,0,0,0,0.26938,0.13763,0.24759,0.20632,36.967,90
15.173,4,550,0.10277,0.25,0.10155,0,12.516,-9.6631,nan,0.24981,0,12.678,-0.24225,nan,95.654,33.765,27.423,273.15,273.15,96.235,96.312,94.91,0,0,0,0,0,0,0.27471,0.12915,0.24759,0.20632,36.997,90
15.201,4,550,0.10279,0.25,0.1018,0,12.509,-10.052,nan,0.24981,0,12.71,-0.24225,nan,95.53,33.74,27.646,273.15,273.15,96.102,96.219,94.921,0,0,0,0,0,0,0.26927,0.12428,0.24759,0.20632,37.003,90
15.231,4,550,0.10284,0.25,0.10192,0,12.534,-10.457,nan,0.24981,0,12.685,-0.24225,nan,95.617,34.127,27.903,273.15,273.15,95.755,96.796,94.943,0,0,0,0,0,0,0.27212,0.14848,0.24759,0.20632,37.022,90
15.261,4,550,0.10293,0.25,0.10229,0,12.532,-10.037,nan,0.24981,0,12.708,-0.24225,nan,95.469,34.529,28.022,273.15,273.15,95.899,96.464,94.87,0,0,0,0,0,0,0.27826,0.13769,0.24759,0.20632,37.056,90

15.319,4,550,0.103,0.25,0.10241,0,12.502,-10.486,nan,0.24981,0,12.697,-0.24225,nan,95.307,34.759,28.341,273.15,273.15,96.166,96.543,94.861,0,0,0,0,0,0,0.27635,0.14147,0.24759,0.20632,37.081,90
15.354,4,550,0.10299,0.25,0.10253,0,12.532,-10.219,nan,0.24981,0,12.683,-0.24225,nan,95.476,34.848,28.353,273.15,273.15,95.887,96.437,94.919,0,0,0,0,0,0,0.27802,0.13442,0.24759,0.20632,37.076,90
15.382,4,550,0.10297,0.25,0.10253,0,12.521,-9.9312,nan,0.24981,0,12.651,-0.24225,nan,95.403,34.662,28.358,273.15,273.15,96.14,96.583,94.844,0,0,0,0,0,0,0.27388,0.14384,0.24759,0.20632,37.068,90
15.41,4,550,0.10303,0.25,0.10253,0,12.514,-10.281,nan,0.24981,0,12.685,-0.24225,nan,95.472,35.068,28.383,273.15,273.15,96.182,96.461,94.827,0,0,0,0,0,0,0.28204,0.13941,0.24759,0.20632,37.09,90
15.442,4,550,0.103,0.25,0.10265,0,12.53,-9.8677,nan,0.24981,0,12.683,-0.24225,nan,95.304,34.773,28.334,273.15,273.15,96.329,96.535,94.769,0,0,0,0,0,0,0.2768,0.14494,0.24759,0.20632,37.082,90
15.469,4,550,0.10303,0.25,0.10265,0,12.532,-10.126,nan,0.24981,0,12.701,-0.24225,nan,95.324,34.949,28.337,273.15,273.15,96.239,96.578,94.721,0,0,0,0,0,0,0.28049,0.14866,0.24759,0.20632,37.092,90
15.499,4,550,0.10303,0.25,0.10265,0,12.514,-9.9985,nan,0.24981,0,12.678,-0.24225,nan,95.39,35.005,28.427,273.15,273.15,95.928,96.138,94.696,0,0,0,0,0,0,0.27977,0.13102,0.24759,0.20632,37.091,90
15.529,4,550,0.10307,0.25,0.10265,0,12.505,-10.243,nan,0.24981,0,12.683,-0.24225,nan,95.174,35.004,28.406,273.15,273.15,95.783,96.336,94.689,0,0,0,0,0,0,0.2802,0.13998,0.24759,0.20632,37.105,90
15.558,4,550,0.10309,0.25,0.10265,0,12.541,-10.042,nan,0.24981,0,12.694,-0.24225,nan,95.081,35.056,28.427,273.15,273.15,96.043,96.091,94.653,0,0,0,0,0,0,0.28084,0.13079,0.24759,0.20632,37.114,90
15.588,4,550,0.10309,0.25,0.10277,0,12.534,-9.7945,nan,0.24981,0,12.699,-0.24225,nan,95.067,35.02,28.443,273.15,273.15,95.722,96.13,94.656,0,0,0,0,0,0,0.27976,0.13243,0.24759,0.20632,37.112,90
15.617,4,550,0.10303,0.25,0.10277,0,12.53,-9.5538,nan,0.24981,0,12.685,-0.24225,nan,95.305,34.901,28.559,273.15,273.15,95.746,96.096,94.58,0,0,0,0,0,0,0.27469,0.13428,0.24759,0.20632,37.09,90
15.647,4,550,0.1031,0.25,0.10277,0,12.525,-10.456,nan,0.24981,0,12.699,-0.24225,nan,95.328,35.344,28.674,273.15,273.15,95.737,96.74,94.571,0,0,0,0,0,0,0.28171,0.16066,0.24759,0.20632,37.117,90
15.674,4,550,0.10306,0.25,0.1029,0,12.507,-9.8043,nan,0.24981,0,12.692,-0.24225,nan,95.136,34.922,28.547,273.15,273.15,95.769,96.243,94.589,0,0,0,0,0,0,0.27542,0.14028,0.24759,0.20632,37.102,90
15.703,4,550,0.10303,0.25,0.1029,0,12.518,-9.731,nan,0.24981,0,12.706,-0.24225,nan,95.26,34.868,28.593,273.15,273.15,95.5,96.265,94.617,0,0,0,0,0,0,0.27325,0.14004,0.24759,0.20632,37.091,90
15.729,4,550,0.10307,0.25,0.1029,0,12.502,-10.276,nan,0.24981,0,12.703,-0.24225,nan,95.17,35.01,28.54,273.15,273.15,95.706,96.243,94.556,0,0,0,0,0,0,0.27746,0.14167,0.24759,0.20632,37.105,90
15.759,4,550,0.10318,0.25,0.1029,0,12.541,-10.291,nan,0.24981,0,12.724,-0.24225,nan,94.86,35.305,28.492,273.15,273.15,95.75,96.035,94.515,0,0,0,0,0,0,0.28471,0.13445,0.24759,0.20632,37.144,90
15.79,4,550,0.10313,0.25,0.1029,0,12.523,-9.8672,nan,0.24981,0,12.676,-0.24225,nan,94.924,35.079,28.53,273.15,273.15,95.717,96.278,94.472,0,0,0,0,0,0,0.27914,0.14661,0.24759,0.20632,37.125,90
15.82,4,550,0.10308,0.25,0.1029,0,12.516,-9.9789,nan,0.24981,0,12.697,-0.24225,nan,94.991,34.879,28.378,273.15,273.15,95.823,96.162,94.501,0,0,0,0,0,0,0.27812,0.14059,0.24759,0.20632,37.108,90
15.851,4,550,0.10313,0.25,0.1029,0,12.518,-10.145,nan,0.24981,0,12.669,-0.24225,nan,95.041,35.206,28.6,273.15,273.15,95.912,96.019,94.492,0,0,0,0,0,0,0.28036,0.1348,0.24759,0.20632,37.126,90
15.88,4,550,0.10311,0.25,0.1029,0,12.534,-9.8009,nan,0.24981,0,12.687,-0.24225,nan,95.026,35.063,28.626,273.15,273.15,95.816,95.995,94.402,0,0,0,0,0,0,0.27675,0.13766,0.24759,0.20632,37.118,90
15.91,4,550,0.10313,0.25,0.1029,0,12.521,-10.273,nan,0.24981,0,12.699,-0.24225,nan,95.102,35.3,28.591,273.15,273.15,95.63,95.909,94.303,0,0,0,0,0,0,0.28254,0.13827,0.24759,0.20632,37.128,90
15.94,4,550,0.10313,0.25,0.1029,0,12.512,-9.9246,nan,0.24981,0,12.683,-0.24225,nan,94.92,35.094,28.53,273.15,273.15,95.512,95.963,94.345,0,0,0,0,0,0,0.27947,0.13875,0.24759,0.20632,37.127,90
15.969,4,550,0.10316,0.25,0.1029,0,12.505,-10.234,nan,0.24981,0,12.706,-0.24225,nan,94.827,35.159,28.556,273.15,273.15,95.505,96.057,94.34,0,0,0,0,0,0,0.28029,0.14294,0.24759,0.20632,37.137,90
15.999,4,550,0.1031,0.25,0.1029,0,12.534,-9.6837,nan,0.24981,0,12.703,-0.24225,nan,94.873,34.868,28.568,273.15,273.15,95.56,95.622,94.357,0,0,0,0,0,0,0.27378,0.12271,0.24759,0.20632,37.115,90

16.065,4,550,0.10318,0.25,0.1029,0,12.518,-9.8688,nan,0.24981,0,12.692,-0.24225,nan,94.917,35.365,28.471,273.15,273.15,95.774,95.996,94.319,0,0,0,0,0,0,0.28641,0.14126,0.24759,0.20632,37.144,90
16.094,4,550,0.10321,0.25,0.1029,0,12.521,-10.489,nan,0.24981,0,12.692,-0.24225,nan,94.733,35.375,28.582,273.15,273.15,95.506,95.892,94.311,0,0,0,0,0,0,0.2843,0.13718,0.24759,0.20632,37.157,90
16.122,4,550,0.10322,0.25,0.1029,0,12.53,-10.11,nan,0.24981,0,12.667,-0.24225,nan,94.572,35.243,28.652,273.15,273.15,95.654,95.545,94.233,0,0,0,0,0,0,0.28006,0.12493,0.24759,0.20632,37.159,90
16.15,4,550,0.10313,0.25,0.1029,0,12.518,-9.487,nan,0.24981,0,12.685,-0.24225,nan,94.813,34.985,28.565,273.15,273.15,95.548,95.411,94.164,0,0,0,0,0,0,0.27639,0.12181,0.24759,0.20632,37.127,90
16.179,4,550,0.10319,0.25,0.1029,0,12.521,-10.426,nan,0.24981,0,12.697,-0.24225,nan,94.744,35.247,28.593,273.15,273.15,95.655,95.63,94.134,0,0,0,0,0,0,0.28138,0.13339,0.24759,0.20632,37.148,90
16.209,4,550,0.10318,0.25,0.1029,0,12.521,-10.138,nan,0.24981,0,12.678,-0.24225,nan,94.762,35.235,28.663,273.15,273.15,95.736,95.649,94.155,0,0,0,0,0,0,0.27964,0.13336,0.24759,0.20632,37.146,90
16.243,4,550,0.10315,0.25,0.1029,0,12.516,-10.063,nan,0.24981,0,12.697,-0.24225,nan,94.694,34.979,28.594,273.15,273.15,95.706,95.999,94.124,0,0,0,0,0,0,0.27563,0.14935,0.24759,0.20632,37.134,90
16.27,4,550,0.10311,0.25,0.1029,0,12.521,-9.7957,nan,0.24981,0,12.701,-0.24225,nan,94.614,34.659,28.683,273.15,273.15,95.148,95.671,94.121,0,0,0,0,0,0,0.26666,0.13579,0.24759,0.20632,37.118,90
16.304,4,550,0.10314,0.25,0.1029,0,12.502,-10.528,nan,0.24981,0,12.708,-0.24225,nan,94.724,34.942,28.607,273.15,273.15,95.191,95.662,94.085,0,0,0,0,0,0,0.27455,0.13701,0.24759,0.20632,37.129,90
16.33,4,550,0.1032,0.25,0.1029,0,12.518,-10.457,nan,0.24981,0,12.676,-0.24225,nan,94.569,35.131,28.434,273.15,273.15,95.45,95.422,94.098,0,0,0,0,0,0,0.28227,0.12548,0.24759,0.20632,37.152,90
16.358,4,550,0.10321,0.25,0.1029,0,12.514,-10.386,nan,0.24981,0,12.692,-0.24225,nan,94.407,35.044,28.48,273.15,273.15,95.379,95.751,94.084,0,0,0,0,0,0,0.27947,0.14084,0.24759,0.20632,37.157,90
16.387,4,550,0.10322,0.25,0.1029,0,12.523,-10.27,nan,0.24981,0,12.667,-0.24225,nan,94.521,35.196,28.574,273.15,273.15,95.01,95.457,94.019,0,0,0,0,0,0,0.2807,0.13081,0.24759,0.20632,37.159,90
16.415,4,550,0.10318,0.25,0.1029,0,12.521,-10.039,nan,0.24981,0,12.681,-0.24225,nan,94.595,35.071,28.438,273.15,273.15,95.049,95.313,94.006,0,0,0,0,0,0,0.28094,0.12472,0.24759,0.20632,37.146,90
16.445,4,550,0.1032,0.25,0.1029,0,12.532,-10.511,nan,0.24981,0,12.69,-0.24225,nan,94.72,35.297,28.532,273.15,273.15,95.535,95.28,93.923,0,0,0,0,0,0,0.28372,0.12704,0.24759,0.20632,37.153,90
16.473,4,550,0.10316,0.25,0.1029,0,12.521,-10.113,nan,0.24981,0,12.699,-0.24225,nan,94.452,34.796,28.623,273.15,273.15,95.258,95.574,93.978,0,0,0,0,0,0,0.271,0.1378,0.24759,0.20632,37.138,90
16.499,4,550,0.10322,0.25,0.1029,0,12.514,-10.467,nan,0.24981,0,12.674,-0.24225,nan,94.331,35.005,28.467,273.15,273.15,95.155,95.443,94.035,0,0,0,0,0,0,0.27892,0.12946,0.24759,0.20632,37.159,90
16.53,4,550,0.10321,0.25,0.1029,0,12.53,-10.409,nan,0.24981,0,12.701,-0.24225,nan,94.482,35.104,28.466,273.15,273.15,95.172,95.574,94.015,0,0,0,0,0,0,0.28103,0.13621,0.24759,0.20632,37.156,90
16.558,4,550,0.10322,0.25,0.1029,0,12.521,-10.359,nan,0.24981,0,12.658,-0.24225,nan,94.337,34.997,28.559,273.15,273.15,95.44,95.765,93.938,0,0,0,0,0,0,0.27678,0.14746,0.24759,0.20632,37.158,90
16.588,4,550,0.10325,0.25,0.1029,0,12.523,-10.646,nan,0.24981,0,12.683,-0.24225,nan,94.147,34.961,28.484,273.15,273.15,95.054,95.659,93.929,0,0,0,0,0,0,0.27762,0.14347,0.24759,0.20632,37.168,90
16.619,4,550,0.10315,0.25,0.1029,0,12.541,-9.7959,nan,0.24981,0,12.681,-0.24225,nan,94.541,34.846,28.396,273.15,273.15,95.347,95.26,93.785,0,0,0,0,0,0,0.27703,0.13249,0.24759,0.20632,37.135,90
16.65,4,550,0.10326,0.25,0.1029,0,12.507,-10.975,nan,0.24981,0,12.685,-0.24225,nan,94.123,35.041,28.415,273.15,273.15,95.074,95.519,93.797,0,0,0,0,0,0,0.28079,0.14315,0.24759,0.20632,37.175,90
16.679,4,550,0.10317,0.25,0.1029,0,12.532,-9.94,nan,0.24981,0,12.683,-0.24225,nan,94.528,34.936,28.381,273.15,273.15,95.461,95.519,93.838,0,0,0,0,0,0,0.27929,0.14142,0.24759,0.20632,37.142,90
16.71,4,550,0.10316,0.25,0.1029,0,12.514,-10.219,nan,0.24981,0,12.687,-0.24225,nan,94.666,34.99,28.427,273.15,273.15,95.399,95.384,93.735,0,0,0,0,0,0,0.27945,0.14006,0.24759,0.20632,37.136,90
16.742,4,550,0.10323,0.25,0.1029,0,12.502,-11.004,nan,0.24981,0,12.683,-0.24225,nan,94.33,35.077,28.372,273.15,273.15,95.199,95.217,93.72,0,0,0,0,0,0,0.28245,0.13348,0.24759,0.20632,37.164,90
16.771,4,550,0.10322,0.25,0.1029,0,12.525,-10.499,nan,0.24981,0,12.733,-0.24225,nan,94.25,34.948,28.541,273.15,273.15,94.903,95.393,93.699,0,0,0,0,0,0,0.27612,0.14198,0.24759,0.20632,37.161,90
16.799,4,550,0.10323,0.25,0.1029,0,12.521,-10.342,nan,0.24981,0,12.703,-0.24225,nan,94.274,34.994,28.515,273.15,273.15,94.946,95.251,93.634,0,0,0,0,0,0,0.27765,0.13871,0.24759,0.20632,37.162,90
16.828,4,550,0.10326,0.25,0.1029,0,12.502,-10.533,nan,0.24981,0,12.71,-0.24225,nan,94.026,34.934,28.471,273.15,273.15,94.941,95.34,93.682,0,0,0,0,0,0,0.27731,0.14045,0.24759,0.20632,37.174,90
16.86,4,550,0.10324,0.25,0.1029,0,12.521,-10.314,nan,0.24981,0,12.703,-0.24225,nan,94.2,34.998,28.424,273.15,273.15,95.107,95.295,93.678,0,0,0,0,0,0,0.27969,0.13873,0.24759,0.20632,37.167,90
16.886,4,550,0.1032,0.25,0.1029,0,12.516,-10.152,nan,0.24981,0,12.681,-0.24225,nan,94.086,34.625,28.493,273.15,273.15,95.189,94.885,93.68,0,0,0,0,0,0,0.27012,0.11974,0.24759,0.20632,37.15,90
16.915,4,550,0.1032,0.25,0.1029,0,12.525,-10.549,nan,0.24981,0,12.687,-0.24225,nan,94.042,34.616,28.478,273.15,273.15,95.135,95.155,93.677,0,0,0,0,0,0,0.27027,0.1326,0.24759,0.20632,37.153,90
16.943,4,550,0.10331,0.25,0.1029,0,12.512,-11.064,nan,0.24981,0,12.703,-0.24225,nan,93.903,35.088,28.375,273.15,273.15,95.121,95.064,93.603,0,0,0,0,0,0,0.28262,0.13188,0.24759,0.20632,37.193,90
16.97,4,550,0.10325,0.25,0.1029,0,12.521,-10.221,nan,0.24981,0,12.703,-0.24225,nan,93.982,34.807,28.374,273.15,273.15,94.879,95.299,93.592,0,0,0,0,0,0,0.27667,0.14252,0.24759,0.20632,37.169,90
16.998,4,550,0.10321,0.25,0.1029,0,12.516,-10.026,nan,0.24981,0,12.697,-0.24225,nan,94.128,34.726,28.39,273.15,273.15,95.288,95.036,93.552,0,0,0,0,0,0,0.27457,0.13287,0.24759,0.20632,37.154,90
17.026,4,550,0.10322,0.25,0.1029,0,12.521,-10.419,nan,0.24981,0,12.71,-0.24225,nan,94.066,34.73,28.438,273.15,273.15,94.626,95.127,93.459,0,0,0,0,0,0,0.27364,0.14089,0.24759,0.20632,37.159,90
17.056,4,550,0.10324,0.25,0.1029,0,12.5,-10.753,nan,0.24981,0,12.708,-0.24225,nan,94.084,34.872,28.294,273.15,273.15,94.935,95.084,93.484,0,0,0,0,0,0,0.27977,0.13795,0.24759,0.20632,37.167,90
17.084,4,550,0.1032,0.25,0.1029,0,12.516,-10.144,nan,0.24981,0,12.678,-0.24225,nan,94.038,34.615,28.367,273.15,273.15,94.919,95.214,93.455,0,0,0,0,0,0,0.27266,0.14469,0.24759,0.20632,37.153,90
17.112,4,550,0.1033,0.25,0.1029,0,12.512,-10.961,nan,0.24981,0,12.674,-0.24225,nan,93.954,35.064,28.381,273.15,273.15,95.145,95.356,93.435,0,0,0,0,0,0,0.282,0.15122,0.24759,0.20632,37.188,90
17.143,4,550,0.10332,0.25,0.1029,0,12.518,-10.75,nan,0.24981,0,12.681,-0.24225,nan,93.562,34.811,28.322,273.15,273.15,94.822,95.06,93.439,0,0,0,0,0,0,0.27786,0.13889,0.24759,0.20632,37.197,90
17.172,4,550,0.1033,0.25,0.1029,0,12.528,-10.302,nan,0.24981,0,12.683,-0.24225,nan,93.871,34.982,28.402,273.15,273.15,94.907,94.986,93.363,0,0,0,0,0,0,0.27981,0.13893,0.24759,0.20632,37.188,90
17.199,4,550,0.10323,0.25,0.1029,0,12.514,-10.365,nan,0.24981,0,12.706,-0.24225,nan,93.973,34.696,28.273,273.15,273.15,94.658,94.839,93.342,0,0,0,0,0,0,0.27644,0.13345,0.24759,0.20632,37.162,90
17.228,4,550,0.1033,0.25,0.1029,0,12.498,-10.85,nan,0.24981,0,12.703,-0.24225,nan,93.837,34.935,28.438,273.15,273.15,94.583,94.679,93.306,0,0,0,0,0,0,0.27804,0.12781,0.24759,0.20632,37.187,90
17.259,4,550,0.10332,0.25,0.1029,0,12.514,-10.649,nan,0.24981,0,12.69,-0.24225,nan,93.799,35.003,28.298,273.15,273.15,94.645,95.042,93.332,0,0,0,0,0,0,0.28245,0.14264,0.24759,0.20632,37.194,90
17.289,4,550,0.1032,0.25,0.1029,0,12.528,-10.017,nan,0.24981,0,12.697,-0.24225,nan,94.004,34.573,28.302,273.15,273.15,94.615,95.151,93.337,0,0,0,0,0,0,0.27316,0.14691,0.24759,0.20632,37.152,90
17.32,4,550,0.10325,0.25,0.1029,0,12.496,-10.68,nan,0.24981,0,12.708,-0.24225,nan,93.959,34.821,28.415,273.15,273.15,94.535,94.864,93.322,0,0,0,0,0,0,0.27609,0.13544,0.24759,0.20632,37.171,90
17.352,4,550,0.10328,0.25,0.1029,0,12.532,-10.809,nan,0.24981,0,12.66,-0.24225,nan,93.801,34.829,28.299,273.15,273.15,94.645,94.846,93.236,0,0,0,0,0,0,0.27875,0.13842,0.24759,0.20632,37.182,90
17.38,4,550,0.10323,0.25,0.1029,0,12.525,-10.481,nan,0.24981,0,12.701,-0.24225,nan,93.986,34.693,28.33,273.15,273.15,94.64,94.735,93.189,0,0,0,0,0,0,0.27515,0.13562,0.24759,0.20632,37.161,90
17.408,4,550,0.10328,0.25,0.1029,0,12.516,-11.014,nan,0.24981,0,12.717,-0.24225,nan,93.765,34.783,28.296,273.15,273.15,94.74,94.748,93.186,0,0,0,0,0,0,0.27784,0.13629,0.24759,0.20632,37.182,90
17.437,4,550,0.10325,0.25,0.1029,0,12.539,-10.4,nan,0.24981,0,12.701,-0.24225,nan,93.736,34.559,28.406,273.15,273.15,94.842,94.811,93.211,0,0,0,0,0,0,0.27058,0.138,0.24759,0.20632,37.169,90
17.465,4,550,0.10337,0.25,0.1029,0,12.498,-11.402,nan,0.24981,0,12.697,-0.24225,nan,93.462,34.933,28.368,273.15,273.15,94.813,94.736,93.24,0,0,0,0,0,0,0.27949,0.13339,0.24759,0.20632,37.212,90
17.495,4,550,0.10328,0.25,0.1029,0,12.523,-10.203,nan,0.24981,0,12.697,-0.24225,nan,93.573,34.568,28.253,273.15,273.15,94.465,94.783,93.275,0,0,0,0,0,0,0.27412,0.13396,0.24759,0.20632,37.18,90
17.523,4,550,0.10333,0.25,0.1029,0,12.514,-10.873,nan,0.24981,0,12.706,-0.24225,nan,93.776,35.044,28.433,273.15,273.15,94.571,95.001,93.204,0,0,0,0,0,0,0.28045,0.14621,0.24759,0.20632,37.198,90
17.552,4,550,0.1033,0.25,0.1029,0,12.509,-10.663,nan,0.24981,0,12.694,-0.24225,nan,93.714,34.849,28.359,273.15,273.15,94.47,95.047,93.196,0,0,0,0,0,0,0.27791,0.1484,0.24759,0.20632,37.189,90
17.577,4,550,0.10328,0.25,0.1029,0,12.525,-10.86,nan,0.24981,0,12.701,-0.24225,nan,93.784,34.815,28.397,273.15,273.15,94.678,94.771,93.155,0,0,0,0,0,0,0.27634,0.13867,0.24759,0.20632,37.182,90
17.609,4,550,0.10325,0.25,0.1029,0,12.48,-10.611,nan,0.24981,0,12.703,-0.24225,nan,94.029,34.888,28.417,273.15,273.15,94.659,95.106,93.211,0,0,0,0,0,0,0.27749,0.15016,0.24759,0.20632,37.171,90
17.642,4,550,0.10327,0.25,0.1029,0,12.528,-10.949,nan,0.24981,0,12.697,-0.24225,nan,93.886,34.849,28.217,273.15,273.15,94.715,94.774,93.239,0,0,0,0,0,0,0.28092,0.13513,0.24759,0.20632,37.178,90
17.669,4,550,0.10325,0.25,0.1029,0,12.507,-10.726,nan,0.24981,0,12.683,-0.24225,nan,93.856,34.703,28.406,273.15,273.15,94.03,94.921,93.225,0,0,0,0,0,0,0.27373,0.14205,0.24759,0.20632,37.17,90
17.7,4,550,0.10328,0.25,0.1029,0,12.521,-11.124,nan,0.24981,0,12.697,-0.24225,nan,93.645,34.664,28.304,273.15,273.15,94.418,94.571,93.172,0,0,0,0,0,0,0.27511,0.12904,0.24759,0.20632,37.182,90
17.728,4,550,0.10332,0.25,0.1029,0,12.512,-11.021,nan,0.24981,0,12.694,-0.24225,nan,93.744,34.97,28.506,273.15,273.15,94.321,94.805,93.195,0,0,0,0,0,0,0.27734,0.1384,0.24759,0.20632,37.195,90
17.758,4,550,0.10322,0.25,0.1029,0,12.493,-10.368,nan,0.24981,0,12.708,-0.24225,nan,93.856,34.528,28.348,273.15,273.15,94.424,94.721,93.212,0,0,0,0,0,0,0.27117,0.13399,0.24759,0.20632,37.159,90
17.79,4,550,0.10329,0.25,0.1029,0,12.512,-11.092,nan,0.24981,0,12.697,-0.24225,nan,93.768,34.811,28.391,273.15,273.15,94.355,95.209,93.309,0,0,0,0,0,0,0.27639,0.15036,0.24759,0.20632,37.183,90
17.818,4,550,0.10337,0.25,0.1029,0,12.512,-11.307,nan,0.24981,0,12.683,-0.24225,nan,93.763,35.283,28.518,273.15,273.15,94.603,94.823,93.272,0,0,0,0,0,0,0.28373,0.13582,0.24759,0.20632,37.215,90
17.849,4,550,0.10327,0.25,0.1029,0,12.525,-10.484,nan,0.24981,0,12.681,-0.24225,nan,93.965,34.926,28.264,273.15,273.15,94.641,95.075,93.42,0,0,0,0,0,0,0.28156,0.14035,0.24759,0.20632,37.178,90
17.878,4,550,0.10319,0.25,0.1029,0,12.514,-10.715,nan,0.24981,0,12.692,-0.24225,nan,94.081,34.598,28.297,273.15,273.15,94.597,94.923,93.357,0,0,0,0,0,0,0.2738,0.1365,0.24759,0.20632,37.149,90
17.908,4,550,0.10326,0.25,0.1029,0,12.496,-11.276,nan,0.24981,0,12.69,-0.24225,nan,93.965,34.859,28.408,273.15,273.15,94.957,94.813,93.444,0,0,0,0,0,0,0.27705,0.12766,0.24759,0.20632,37.173,90
17.939,4,550,0.10329,0.25,0.1029,0,12.507,-11.356,nan,0.24981,0,12.692,-0.24225,nan,93.881,34.935,28.383,273.15,273.15,95.061,94.707,93.408,0,0,0,0,0,0,0.27922,0.12431,0.24759,0.20632,37.184,90
17.968,4,550,0.10324,0.25,0.1029,0,12.498,-10.619,nan,0.24981,0,12.694,-0.24225,nan,94.195,34.957,28.423,273.15,273.15,94.811,95.116,93.515,0,0,0,0,0,0,0.27885,0.13803,0.24759,0.20632,37.165,90
17.998,4,550,0.10329,0.25,0.1029,0,12.528,-11.094,nan,0.24981,0,12.708,-0.24225,nan,94.009,35.092,28.482,273.15,273.15,94.904,95.227,93.59,0,0,0,0,0,0,0.28047,0.13957,0.24759,0.20632,37.186,90
18.029,4,550,0.10325,0.25,0.1029,0,12.528,-10.857,nan,0.24981,0,12.699,-0.24225,nan,94.074,34.905,28.501,273.15,273.15,94.755,95.375,93.717,0,0,0,0,0,0,0.27604,0.14043,0.24759,0.20632,37.169,90
18.061,4,550,0.10326,0.25,0.1029,0,12.523,-10.981,nan,0.24981,0,12.703,-0.24225,nan,94.063,34.965,28.453,273.15,273.15,95.365,95.054,93.75,0,0,0,0,0,0,0.27835,0.12454,0.24759,0.20632,37.174,90
18.092,4,550,0.10324,0.25,0.1029,0,12.514,-10.647,nan,0.24981,0,12.697,-0.24225,nan,94.151,34.957,28.454,273.15,273.15,94.829,95.015,93.708,0,0,0,0,0,0,0.27816,0.12471,0.24759,0.20632,37.168,90
18.121,4,550,0.10323,0.25,0.1029,0,12.493,-10.947,nan,0.24981,0,12.683,-0.24225,nan,94.193,34.936,28.545,273.15,273.15,95,95.074,93.67,0,0,0,0,0,0,0.27577,0.12927,0.24759,0.20632,37.164,90
12.701,-0.24225,nan,94.453,35.112,28.491,273.15,273.15,95.025,95.321,93.667,0,0,0,0,0,0,0.28067,0.14029,0.24759,0.20632,37.158,90
18.179,4,550,0.10313,0.25,0.1029,0,12.514,-10.47,nan,0.24981,0,12.694,-0.24225,nan,94.311,34.513,28.304,273.15,273.15,94.938,95.33,93.662,0,0,0,0,0,0,0.27181,0.1409,0.24759,0.20632,37.129,90
18.212,4,550,0.10321,0.25,0.1029,0,12.489,-11.294,nan,0.24981,0,12.71,-0.24225,nan,94.153,34.752,28.533,273.15,273.15,95.095,95.331,93.718,0,0,0,0,0,0,0.27202,0.13853,0.24759,0.20632,37.154,90
18.242,4,550,0.10317,0.25,0.1029,0,12.514,-10.694,nan,0.24981,0,12.699,-0.24225,nan,94.521,34.896,28.495,273.15,273.15,94.915,95.193,93.741,0,0,0,0,0,0,0.27598,0.13147,0.24759,0.20632,37.14,90
18.269,4,550,0.10322,0.25,0.1029,0,12.532,-11.126,nan,0.24981,0,12.687,-0.24225,nan,94.322,34.973,28.331,273.15,273.15,94.861,95.743,93.865,0,0,0,0,0,0,0.28112,0.14949,0.24759,0.20632,37.158,90
18.301,4,550,0.1032,0.25,0.1029,0,12.5,-10.919,nan,0.24981,0,12.729,-0.24225,nan,94.321,34.908,28.487,273.15,273.15,94.915,95.22,93.902,0,0,0,0,0,0,0.27642,0.1252,0.24759,0.20632,37.153,90
18.329,4,550,0.10316,0.25,0.1029,0,12.518,-10.694,nan,0.24981,0,12.678,-0.24225,nan,94.391,34.73,28.431,273.15,273.15,95.157,95.071,93.89,0,0,0,0,0,0,0.27377,0.11853,0.24759,0.20632,37.137,90
18.358,4,550,0.10318,0.25,0.1029,0,12.491,-11.125,nan,0.24981,0,12.687,-0.24225,nan,94.707,35.135,28.523,273.15,273.15,95.08,95.485,93.8,0,0,0,0,0,0,0.28051,0.14159,0.24759,0.20632,37.143,90
18.386,4,550,0.10321,0.25,0.1029,0,12.523,-11.125,nan,0.24981,0,12.706,-0.24225,nan,94.447,35.058,28.537,273.15,273.15,95.697,95.476,93.771,0,0,0,0,0,0,0.27857,0.14245,0.24759,0.20632,37.155,90
18.415,4,550,0.10321,0.25,0.1029,0,12.516,-10.899,nan,0.24981,0,12.69,-0.24225,nan,94.412,35.005,28.538,273.15,273.15,94.819,95.553,93.759,0,0,0,0,0,0,0.27739,0.14608,0.24759,0.20632,37.154,90
18.446,4,550,0.1032,0.25,0.1029,0,12.514,-11.103,nan,0.24981,0,12.706,-0.24225,nan,94.237,34.792,28.475,273.15,273.15,95.007,95.523,93.818,0,0,0,0,0,0,0.27416,0.14243,0.24759,0.20632,37.151,90
18.477,4,550,0.10315,0.25,0.1029,0,12.514,-11.066,nan,0.24981,0,12.687,-0.24225,nan,94.489,34.802,28.513,273.15,273.15,95.7,95.657,93.915,0,0,0,0,0,0,0.27356,0.14398,0.24759,0.20632,37.136,90
18.507,4,550,0.1032,0.25,0.1029,0,12.518,-11.074,nan,0.24981,0,12.708,-0.24225,nan,94.681,35.218,28.633,273.15,273.15,94.713,95.408,93.941,0,0,0,0,0,0,0.27992,0.13214,0.24759,0.20632,37.15,90
18.538,4,550,0.10315,0.25,0.1029,0,12.516,-10.862,nan,0.24981,0,12.69,-0.24225,nan,94.641,34.936,28.563,273.15,273.15,94.988,95.731,94.019,0,0,0,0,0,0,0.27537,0.14275,0.24759,0.20632,37.135,90
18.568,4,550,0.10316,0.25,0.1029,0,12.498,-10.816,nan,0.24981,0,12.724,-0.24225,nan,94.657,34.998,28.596,273.15,273.15,95.285,95.684,94.076,0,0,0,0,0,0,0.27601,0.13835,0.24759,0.20632,37.137,90
18.597,4,550,0.10317,0.25,0.1029,0,12.512,-11.131,nan,0.24981,0,12.706,-0.24225,nan,94.7,35.121,28.639,273.15,273.15,95.226,95.34,93.94,0,0,0,0,0,0,0.27773,0.12903,0.24759,0.20632,37.143,90
18.628,4,550,0.10311,0.25,0.1029,0,12.509,-10.785,nan,0.24981,0,12.731,-0.24225,nan,94.723,34.805,28.398,273.15,273.15,94.935,95.705,93.999,0,0,0,0,0,0,0.2761,0.14247,0.24759,0.20632,37.121,90
18.658,4,550,0.10313,0.25,0.1029,0,12.502,-11.212,nan,0.24981,0,12.687,-0.24225,nan,94.659,34.824,28.505,273.15,273.15,95.09,95.481,93.962,0,0,0,0,0,0,0.27421,0.13443,0.24759,0.20632,37.126,90
18.688,4,550,0.10321,0.25,0.1029,0,12.516,-11.603,nan,0.24981,0,12.694,-0.24225,nan,94.419,35.062,28.57,273.15,273.15,95.102,95.573,93.961,0,0,0,0,0,0,0.27792,0.1385,0.24759,0.20632,37.157,90
18.718,4,550,0.10317,0.25,0.1029,0,12.509,-10.9,nan,0.24981,0,12.681,-0.24225,nan,94.563,34.989,28.473,273.15,273.15,95.087,95.561,93.929,0,0,0,0,0,0,0.27844,0.13934,0.24759,0.20632,37.143,90
18.749,4,550,0.10321,0.25,0.1029,0,12.502,-11.164,nan,0.24981,0,12.685,-0.24225,nan,94.557,35.179,28.499,273.15,273.15,95.357,95.449,93.952,0,0,0,0,0,0,0.28194,0.13347,0.24759,0.20632,37.156,90
18.777,4,550,0.10314,0.25,0.1029,0,12.512,-10.701,nan,0.24981,0,12.699,-0.24225,nan,94.821,35.069,28.4,273.15,273.15,95.256,95.438,94.019,0,0,0,0,0,0,0.2817,0.12995,0.24759,0.20632,37.132,90
18.807,4,550,0.10316,0.25,0.1029,0,12.502,-11.075,nan,0.24981,0,12.699,-0.24225,nan,94.644,34.985,28.565,273.15,273.15,95.463,95.508,93.973,0,0,0,0,0,0,0.27637,0.13514,0.24759,0.20632,37.137,90
18.838,4,550,0.10312,0.25,0.1029,0,12.512,-10.751,nan,0.24981,0,12.71,-0.24225,nan,94.651,34.745,28.536,273.15,273.15,95.337,95.842,93.916,0,0,0,0,0,0,0.2718,0.15139,0.24759,0.20632,37.122,90
18.868,4,550,0.10326,0.25,0.1029,0,12.475,-11.981,nan,0.24981,0,12.697,-0.24225,nan,94.411,35.318,28.572,273.15,273.15,95.061,95.45,93.876,0,0,0,0,0,0,0.28332,0.13684,0.24759,0.20632,37.174,90
.374,93.887,0,0,0,0,0,0,0.28018,0.13299,0.24759,0.20632,37.163,90
18.928,4,550,0.10324,0.25,0.10302,0,12.514,-11.212,nan,0.24981,0,12.706,-0.24225,nan,94.392,35.165,28.532,273.15,273.15,95.053,95.631,93.88,0,0,0,0,0,0,0.28093,0.14435,0.24759,0.20632,37.166,90
18.959,4,550,0.10317,0.25,0.10302,0,12.518,-10.828,nan,0.24981,0,12.701,-0.24225,nan,94.526,34.917,28.422,273.15,273.15,95.198,95.345,93.93,0,0,0,0,0,0,0.278,0.12971,0.24759,0.20632,37.141,90
18.988,4,550,0.1032,0.25,0.10302,0,12.498,-11.455,nan,0.24981,0,12.683,-0.24225,nan,94.436,35.004,28.63,273.15,273.15,95.036,95.212,93.842,0,0,0,0,0,0,0.2754,0.12766,0.24759,0.20632,37.152,90
19.021,4,550,0.10316,0.25,0.10302,0,12.518,-10.903,nan,0.24981,0,12.683,-0.24225,nan,94.342,34.659,28.644,273.15,273.15,95.142,95.062,93.825,0,0,0,0,0,0,0.26753,0.12135,0.24759,0.20632,37.136,90
19.051,4,550,0.10316,0.25,0.10302,0,12.493,-11.067,nan,0.24981,0,12.713,-0.24225,nan,94.522,34.863,28.392,273.15,273.15,95.316,95.246,93.807,0,0,0,0,0,0,0.27747,0.13085,0.24759,0.20632,37.137,90
19.08,4,550,0.10322,0.25,0.10302,0,12.502,-11.623,nan,0.24981,0,12.678,-0.24225,nan,94.271,34.97,28.575,273.15,273.15,95.084,95.161,93.762,0,0,0,0,0,0,0.27584,0.12905,0.24759,0.20632,37.161,90
19.111,4,550,0.10325,0.25,0.10302,0,12.496,-11.332,nan,0.24981,0,12.708,-0.24225,nan,94.269,35.114,28.483,273.15,273.15,95.124,95.156,93.652,0,0,0,0,0,0,0.28089,0.13375,0.24759,0.20632,37.17,90
19.142,4,550,0.10315,0.25,0.10302,0,12.512,-10.816,nan,0.24981,0,12.717,-0.24225,nan,94.378,34.662,28.516,273.15,273.15,94.96,95.347,93.663,0,0,0,0,0,0,0.27042,0.14153,0.24759,0.20632,37.134,90
19.168,4,550,0.10327,0.25,0.10302,0,12.512,-11.163,nan,0.24981,0,12.694,-0.24225,nan,94.045,35.014,28.347,273.15,273.15,95.008,95.39,93.79,0,0,0,0,0,0,0.28167,0.138,0.24759,0.20632,37.178,90
19.196,4,550,0.1032,0.25,0.10302,0,12.525,-10.851,nan,0.24981,0,12.719,-0.24225,nan,94.292,34.84,28.502,273.15,273.15,94.737,95.235,93.764,0,0,0,0,0,0,0.27463,0.1323,0.24759,0.20632,37.151,90
19.225,4,550,0.10325,0.25,0.10302,0,12.493,-11.53,nan,0.24981,0,12.706,-0.24225,nan,94.155,34.971,28.476,273.15,273.15,94.755,95.165,93.575,0,0,0,0,0,0,0.278,0.13757,0.24759,0.20632,37.168,90
19.254,4,550,0.10321,0.25,0.10302,0,12.512,-11.151,nan,0.24981,0,12.685,-0.24225,nan,94.215,34.837,28.351,273.15,273.15,94.906,95.169,93.625,0,0,0,0,0,0,0.27782,0.13555,0.24759,0.20632,37.156,90
19.284,4,550,0.10322,0.25,0.10302,0,12.528,-11.298,nan,0.24981,0,12.71,-0.24225,nan,94.45,35.138,28.505,273.15,273.15,95.046,95.243,93.613,0,0,0,0,0,0,0.28094,0.13926,0.24759,0.20632,37.16,90
19.311,4,550,0.1032,0.25,0.10302,0,12.496,-11.13,nan,0.24981,0,12.685,-0.24225,nan,94.271,34.829,28.421,273.15,273.15,94.906,95.237,93.718,0,0,0,0,0,0,0.27611,0.13441,0.24759,0.20632,37.151,90
19.338,4,550,0.10326,0.25,0.10302,0,12.491,-11.669,nan,0.24981,0,12.651,-0.24225,nan,94.21,35.128,28.542,273.15,273.15,95.077,95.065,93.756,0,0,0,0,0,0,0.27995,0.1248,0.24759,0.20632,37.175,90
19.367,4,550,0.10329,0.25,0.10302,0,12.518,-11.382,nan,0.24981,0,12.674,-0.24225,nan,94.072,35.137,28.557,273.15,273.15,94.732,95.102,93.692,0,0,0,0,0,0,0.27983,0.12951,0.24759,0.20632,37.185,90
19.395,4,550,0.10322,0.25,0.10302,0,12.509,-10.938,nan,0.24981,0,12.687,-0.24225,nan,94.354,35.048,28.617,273.15,273.15,94.796,95.152,93.559,0,0,0,0,0,0,0.27664,0.13769,0.24759,0.20632,37.16,90
19.424,4,550,0.10319,0.25,0.10302,0,12.505,-10.941,nan,0.24981,0,12.685,-0.24225,nan,94.35,34.861,28.342,273.15,273.15,95.179,95.003,93.582,0,0,0,0,0,0,0.27852,0.13002,0.24759,0.20632,37.149,90
19.453,4,550,0.10336,0.25,0.10302,0,12.514,-12.284,nan,0.24981,0,12.694,-0.24225,nan,94.036,35.488,28.563,273.15,273.15,94.647,95.184,93.42,0,0,0,0,0,0,0.28707,0.14488,0.24759,0.20632,37.21,90
19.481,4,550,0.1033,0.25,0.10302,0,12.525,-10.938,nan,0.24981,0,12.687,-0.24225,nan,94.19,35.286,28.587,273.15,273.15,94.426,94.99,93.332,0,0,0,0,0,0,0.28232,0.14044,0.24759,0.20632,37.187,90
19.508,4,550,0.10325,0.25,0.10302,0,12.523,-10.983,nan,0.24981,0,12.694,-0.24225,nan,93.865,34.682,28.448,273.15,273.15,94.621,95.066,93.389,0,0,0,0,0,0,0.27235,0.14125,0.24759,0.20632,37.168,90
19.54,4,550,0.10325,0.25,0.10302,0,12.502,-11.192,nan,0.24981,0,12.706,-0.24225,nan,94.017,34.865,28.405,273.15,273.15,94.417,94.884,93.449,0,0,0,0,0,0,0.27726,0.13069,0.24759,0.20632,37.171,90
19.568,4,550,0.10325,0.25,0.10302,0,12.523,-11.244,nan,0.24981,0,12.678,-0.24225,nan,93.919,34.776,28.374,273.15,273.15,94.908,94.815,93.504,0,0,0,0,0,0,0.27599,0.12492,0.24759,0.20632,37.171,90
12.697,-0.24225,nan,94.228,34.807,28.449,273.15,273.15,94.765,94.931,93.509,0,0,0,0,0,0,0.27505,0.13011,0.24759,0.20632,37.153,90
19.628,4,550,0.10329,0.25,0.10302,0,12.505,-11.701,nan,0.24981,0,12.681,-0.24225,nan,93.976,35.046,28.509,273.15,273.15,94.972,95.341,93.475,0,0,0,0,0,0,0.27891,0.14899,0.24759,0.20632,37.185,90
19.662,4,550,0.10341,0.25,0.10314,0,12.525,-11.572,nan,0.24981,0,12.726,-0.24225,nan,93.812,35.503,28.5,273.15,273.15,94.597,94.757,93.337,0,0,0,0,0,0,0.28866,0.12997,0.24759,0.20632,37.226,90
19.691,4,550,0.10329,0.25,0.10314,0,12.512,-10.738,nan,0.24981,0,12.697,-0.24225,nan,93.916,34.969,28.405,273.15,273.15,94.769,94.986,93.374,0,0,0,0,0,0,0.27946,0.13849,0.24759,0.20632,37.184,90
19.718,4,550,0.10336,0.25,0.10314,0,12.509,-11.756,nan,0.24981,0,12.706,-0.24225,nan,93.809,35.243,28.607,273.15,273.15,94.491,94.723,93.345,0,0,0,0,0,0,0.28101,0.12804,0.24759,0.20632,37.209,90
19.758,4,550,0.10334,0.25,0.10314,0,12.502,-10.591,nan,0.24981,0,12.683,-0.24225,nan,93.758,35.114,28.534,273.15,273.15,94.759,94.765,93.322,0,0,0,0,0,0,0.27981,0.13102,0.24759,0.20632,37.204,90
19.783,4,550,0.10336,0.25,0.10314,0,12.498,-11.588,nan,0.24981,0,12.71,-0.24225,nan,93.745,35.193,28.688,273.15,273.15,94.594,95.145,93.34,0,0,0,0,0,0,0.27823,0.14658,0.24759,0.20632,37.21,90
19.811,4,550,0.10336,0.25,0.10314,0,12.5,-11.301,nan,0.24981,0,12.678,-0.24225,nan,93.679,35.102,28.624,273.15,273.15,94.553,94.824,93.305,0,0,0,0,0,0,0.27762,0.13443,0.24759,0.20632,37.208,90
19.84,4,550,0.10329,0.25,0.10314,0,12.505,-10.841,nan,0.24981,0,12.701,-0.24225,nan,93.709,34.756,28.423,273.15,273.15,94.645,94.675,93.331,0,0,0,0,0,0,0.2745,0.12645,0.24759,0.20632,37.184,90
19.868,4,550,0.10332,0.25,0.10314,0,12.505,-10.92,nan,0.24981,0,12.69,-0.24225,nan,93.703,34.941,28.598,273.15,273.15,94.42,94.612,93.282,0,0,0,0,0,0,0.27473,0.12579,0.24759,0.20632,37.196,90
19.897,4,550,0.10338,0.25,0.10326,0,12.525,-11.546,nan,0.24981,0,12.674,-0.24225,nan,93.705,35.258,28.629,273.15,273.15,94.602,94.913,93.227,0,0,0,0,0,0,0.28085,0.14162,0.24759,0.20632,37.217,90
19.929,4,550,0.10332,0.25,0.10326,0,12.518,-10.84,nan,0.24981,0,12.708,-0.24225,nan,93.745,34.971,28.65,273.15,273.15,94.539,94.719,93.213,0,0,0,0,0,0,0.27425,0.13385,0.24759,0.20632,37.195,90
19.959,4,550,0.10329,0.25,0.10326,0,12.509,-10.969,nan,0.24981,0,12.71,-0.24225,nan,93.722,34.784,28.611,273.15,273.15,94.561,94.716,93.271,0,0,0,0,0,0,0.27101,0.13113,0.24759,0.20632,37.185,90
19.986,4,550,0.10336,0.25,0.10326,0,12.493,-11.124,nan,0.24981,0,12.719,-0.24225,nan,93.702,35.148,28.543,273.15,273.15,94.403,94.941,93.315,0,0,0,0,0,0,0.28033,0.13911,0.24759,0.20632,37.21,90
